FALSE
30
FALSE
10
10
3
FALSE
0.01
0.0001
1000
0
19
0
2894483200
 True  True  True
0 1 1 1 1 1 1 1 1 1  0 0 1 1 1 1 1 1 1 1  0 0 0 0 0 1 1 1 1 1  0 0 0 0 0 0 0 1 1 1  0 0 0 0 0 0 0 1 1 1  0 0 0 0 0 0 0 0 1 1  0 0 0 0 0 0 0 0 1 1  0 0 0 0 0 0 0 0 1 1  0 0 0 0 0 0 0 0 1 1  0 0 0 0 0 0 0 1 1 1 1 0 0 0 0 0 0 0 0 0  1 1 0 0 0 0 0 0 0 0  1 1 1 1 1 0 0 0 0 0  0 0 0 0 1 1 1 0 0 0  0 0 0 0 0 1 1 0 0 0  0 0 0 0 0 1 1 1 0 0  1 0 0 0 0 1 1 1 0 0  1 0 0 0 1 1 1 1 0 0  1 1 1 1 1 1 1 1 0 0  1 1 1 1 1 1 1 0 0 0 0 0 0 0 0 0 0 0 0 0  0 0 0 0 0 0 0 0 0 0  0 0 0 0 0 0 0 0 0 0  1 1 1 1 0 0 0 0 0 0  1 1 1 1 1 0 0 0 0 0  1 1 1 1 1 0 0 0 0 0  0 1 1 1 1 0 0 0 0 0  0 1 1 1 0 0 0 0 0 0  0 0 0 0 0 0 0 0 0 0  0 0 0 0 0 0 0 0 0 0
0 2 0 0 0 0 0 0 0 0 2 0 0 0 0 0 0 0 0 0 0 0 0 0 0 0 0 0 0 0 0 2 0 0 0 0  0 0 0 0 0 0 0 0 0 0 0 0 0 0 0 0 0 0 0 0 0 0 0 0 0 0 0 0 0 0 0 0 0 0 0 0  0 0 0 0 0 0 0 0 0 0 0 0 0 0 0 0 0 0 0 0 0 0 0 0 0 0 0 0
1 0 0 0 0 0 0 0 0 0 1 1 0 0 0 0 0 0 0 0 1 1 1 1 1 0 0 0 0 0 2 2 2 2 1 1  1 0 0 0 2 2 2 2 2 1 1 0 0 0 2 2 2 2 2 1 1 1 0 0 1 2 2 2 2 1 1 1 0 0 1 2  2 2 1 1 1 1 0 0 1 1 1 1 1 1 1 1 0 0 1 1 1 1 1 1 1 0 0 0
