-1
9
1
2
3
6
0
6
7
8
9
3
4
12
5
6
7
8
10
11
12
13
21
14
15
16
17
26
18
19
20
21
22
23
25
26
27
28
29
30
31
32
41
44
58
33
45
34
35
36
37
38
39
40
41
42
55
77
79
58
45
46
47
48
49
50
51
52
53
54
55
56
71
72
73
76
103
76
77
78
79
60
61
63
64
65
66
67
68
69
70
71
72
73
74
94
95
96
97
98
99
128
101
131
103
78
79
80
81
110
83
84
85
86
87
88
89
90
91
92
93
94
95
96
98
99
100
126
127
128
129
130
131
106
107
136
109
110
111
113
114
115
116
117
119
120
121
122
123
148
124
125
126
127
128
129
130
131
132
158
133
134
163
135
137
138
139
140
141
142
143
170
144
145
146
147
148
149
150
151
152
153
154
156
157
158
159
160
161
162
163
190
164
194
166
167
168
170
171
172
173
174
175
176
177
178
179
180
181
210
183
184
185
186
187
189
190
191
219
193
194
195
196
222
197
198
200
201
202
203
204
205
206
207
208
234
209
210
211
212
213
214
241
215
216
217
245
218
219
220
221
222
223
224
225
254
226
227
228
229
230
231
232
233
235
236
237
238
239
242
