False
30
False
50
10
5
False
0.01
0.0001
1000
0
False
172
2025
2764364700
180  23 139 145   8
0.81 0.76 0.4  0.46 0.91
0.91
 True  True  True  True  True
1 1 1 1 1 1 1 1 1 1  1 1 1 1 1 1 1 1 1 1  1 1 1 1 1 1 1 1 1 1  1 1 1 1 1 1 1 1 1 1  1 1 1 1 1 1 1 1 1 1  1 1 1 1 1 1 1 1 1 1  1 1 1 1 1 1 1 1 1 1  1 1 1 1 1 1 1 1 1 0  1 1 1 1 1 1 1 0 0 0  1 1 1 1 1 0 0 0 0 0  1 1 1 0 0 0 0 0 0 0  1 1 0 0 0 0 0 0 0 0  1 1 0 0 0 0 0 0 0 0  1 0 0 0 0 0 0 0 0 0  1 0 0 0 0 0 0 0 0 0  1 0 0 0 0 0 0 0 0 0  1 0 0 0 0 0 0 0 0 0  1 0 0 0 0 0 0 0 0 0  1 0 0 0 0 0 0 0 0 0  1 0 0 0 0 0 0 0 0 0  1 0 0 0 0 0 0 0 0 0  1 0 0 0 0 0 0 0 0 0  1 0 0 0 0 0 0 0 0 0  1 1 0 0 0 0 0 0 0 0  1 1 0 0 0 0 0 0 0 0  1 1 0 0 0 0 0 0 0 0  1 1 1 0 0 0 0 0 0 0  1 1 1 0 0 0 0 0 0 0  1 1 1 0 0 0 0 0 0 0  1 1 1 0 0 0 0 0 0 0  1 1 1 0 0 0 0 0 0 0  1 1 1 0 0 0 0 0 0 0  1 1 1 0 0 0 0 0 0 0  1 1 0 0 0 0 0 0 0 0  1 1 0 0 0 0 0 0 0 0  1 1 0 0 0 0 0 0 0 0  1 1 0 0 0 0 0 0 0 0  1 1 0 0 0 0 0 0 0 0  1 1 0 0 0 0 0 0 0 0  1 1 0 0 0 0 0 0 0 0  1 1 1 0 0 0 0 0 0 0  1 1 0 0 0 0 0 0 0 0  1 1 1 0 0 0 0 0 0 0  1 1 0 0 0 0 0 0 0 0  1 1 1 0 0 0 0 0 0 0  1 1 1 0 0 0 0 0 0 0  1 1 1 1 0 0 0 0 0 0  1 1 1 1 0 0 0 0 0 0  1 1 1 1 0 0 0 0 0 0  1 1 1 1 0 0 0 0 0 0 0 0 0 0 0 0 0 0 0 0  0 0 0 0 0 0 0 0 0 0  0 0 0 0 0 0 0 0 0 0  0 0 0 0 0 0 0 0 0 0  0 0 0 0 0 0 0 0 0 0  0 0 0 0 0 0 0 0 0 0  0 0 0 0 0 0 0 0 0 0  0 0 0 0 0 0 0 0 0 0  0 0 0 0 0 0 0 0 0 0  0 0 0 0 0 0 0 0 0 0  0 0 0 0 0 0 0 0 0 0  0 0 0 0 0 0 0 0 0 0  0 0 1 1 1 0 0 0 0 0  0 1 1 1 1 1 0 0 0 0  0 1 1 1 1 0 0 0 0 0  0 1 1 1 0 0 0 0 0 0  0 1 1 0 0 0 0 0 0 0  0 1 1 0 0 0 0 0 0 0  0 1 0 0 0 0 0 0 0 0  0 1 0 0 0 0 0 0 0 0  0 1 0 0 0 0 0 0 0 0  0 1 0 0 0 0 0 0 0 0  0 1 0 0 0 0 0 0 0 0  0 0 0 0 0 0 0 0 0 0  0 0 0 0 0 0 0 0 0 0  0 0 0 0 0 0 0 0 0 0  0 0 0 0 0 0 0 0 0 0  0 0 0 0 0 0 0 0 0 0  0 0 0 0 0 0 0 0 0 0  0 0 0 0 0 0 0 0 0 0  0 0 0 0 0 0 0 0 0 0  0 0 0 0 0 0 0 0 0 0  0 0 0 0 0 0 0 0 0 0  0 0 0 0 0 0 0 0 0 0  0 0 0 0 0 0 0 0 0 0  0 0 0 0 0 0 0 0 0 0  0 0 0 0 0 0 0 0 0 0  0 0 0 0 0 0 0 0 0 0  0 0 0 0 0 0 0 0 0 0  0 0 0 0 0 0 0 0 0 0  0 0 0 0 0 0 0 0 0 0  0 0 0 0 0 0 0 0 0 0  0 0 0 0 0 0 0 0 0 0  0 0 0 0 0 0 0 0 0 0  0 0 0 0 0 0 0 0 0 0  0 0 0 0 0 0 0 0 0 0  0 0 0 0 0 0 0 0 0 0  0 0 0 0 0 0 0 0 0 0  0 0 0 0 0 0 0 0 0 0  0 0 0 0 0 0 0 0 0 0 0 0 0 0 0 0 0 0 0 0  0 0 0 0 0 0 0 0 0 0  0 0 0 0 0 0 0 0 0 0  0 0 0 0 0 0 0 0 0 0  0 0 0 0 0 0 0 0 0 0  0 0 0 0 0 0 0 0 0 0  0 0 0 0 0 0 0 0 0 0  0 0 0 0 0 0 0 0 0 1  0 0 0 0 0 0 0 1 1 1  0 0 0 0 0 1 1 1 1 1  0 0 0 1 1 1 1 1 1 1  0 0 1 1 1 1 1 1 1 1  0 0 0 0 0 1 1 1 1 1  0 0 0 0 0 0 1 1 1 1  0 0 0 0 0 0 1 1 1 1  0 0 0 0 0 0 0 0 0 1  0 0 0 0 0 0 0 0 0 1  0 0 0 0 0 0 0 0 0 1  0 0 0 0 0 0 0 0 0 1  0 0 0 0 0 0 0 0 1 1  0 0 0 0 0 0 0 1 1 1  0 0 0 0 0 0 0 1 1 1  0 0 0 0 0 0 0 1 1 1  0 0 0 0 0 0 0 1 1 1  0 0 0 0 0 0 0 1 1 1  0 0 0 0 0 0 0 1 1 1  0 0 0 0 0 0 0 1 1 1  0 0 0 0 0 0 0 0 1 1  0 0 0 0 0 0 0 0 1 1  0 0 0 0 0 0 0 0 1 1  0 0 0 0 0 0 0 0 1 1  0 0 0 0 0 0 0 0 1 1  0 0 0 0 0 0 0 0 1 1  0 0 0 0 0 0 0 0 1 1  0 0 0 0 0 0 0 0 1 1  0 0 0 0 0 0 0 0 1 1  0 0 0 0 0 0 0 0 1 1  0 0 0 0 0 0 0 1 1 1  0 0 0 0 0 0 0 1 1 1  0 0 0 0 0 0 0 1 1 1  0 0 0 0 0 0 0 1 1 1  0 0 0 0 0 0 1 1 1 1  0 0 0 0 0 0 1 1 1 1  0 0 0 0 0 0 1 1 1 1  0 0 0 0 0 0 1 1 1 1  0 0 0 0 0 1 1 1 1 1  0 0 0 0 0 1 1 1 1 1  0 0 0 0 1 1 1 1 1 1  0 0 0 0 1 1 1 1 1 1  0 0 0 0 1 1 1 1 1 1 0 0 0 0 0 0 0 0 0 0  0 0 0 0 0 0 0 0 0 0  0 0 0 0 0 0 0 0 0 0  0 0 0 0 0 0 0 0 0 0  0 0 0 0 0 0 0 0 0 0  0 0 0 0 0 0 0 0 0 0  0 0 0 0 0 0 0 0 0 0  0 0 0 0 0 0 0 0 0 0  0 0 0 0 0 0 0 0 0 0  0 0 0 0 0 0 0 0 0 0  0 0 0 0 0 0 0 0 0 0  0 0 0 0 0 0 0 0 0 0  0 0 0 0 0 0 0 0 0 0  0 0 0 0 0 0 0 0 0 0  0 0 0 0 0 1 0 0 0 0  0 0 0 0 1 1 1 0 0 0  0 0 0 1 1 1 1 0 0 0  0 0 0 1 1 1 1 0 0 0  0 0 1 1 1 1 1 0 0 0  0 0 1 1 1 1 1 0 0 0  0 0 1 1 1 1 1 0 0 0  0 0 1 1 1 1 1 0 0 0  0 0 1 1 1 1 1 0 0 0  0 0 1 1 1 1 1 0 0 0  0 0 1 1 1 1 1 0 0 0  0 0 1 1 1 1 1 0 0 0  0 0 0 1 1 1 1 0 0 0  0 0 0 1 1 1 1 1 0 0  0 0 0 1 1 1 1 1 0 0  0 0 0 1 1 1 1 1 0 0  0 0 0 1 1 1 1 1 0 0  0 0 0 1 1 1 1 1 0 0  0 0 0 1 1 1 1 1 0 0  0 0 1 1 1 1 1 1 0 0  0 0 1 1 1 1 1 1 0 0  0 0 1 1 1 1 1 1 0 0  0 0 1 1 1 1 1 1 0 0  0 0 1 1 1 1 1 0 0 0  0 0 1 1 1 1 1 0 0 0  0 0 1 1 1 1 1 0 0 0  0 0 0 1 1 1 1 0 0 0  0 0 1 1 1 1 0 0 0 0  0 0 0 1 1 1 0 0 0 0  0 0 1 1 1 1 0 0 0 0  0 0 0 1 1 1 0 0 0 0  0 0 0 1 1 0 0 0 0 0  0 0 0 0 1 0 0 0 0 0  0 0 0 0 0 0 0 0 0 0  0 0 0 0 0 0 0 0 0 0  0 0 0 0 0 0 0 0 0 0 0 0 0 0 0 0 0 0 0 0  0 0 0 0 0 0 0 0 0 0  0 0 0 0 0 0 0 0 0 0  0 0 0 0 0 0 0 0 0 0  0 0 0 0 0 0 0 0 0 0  0 0 0 0 0 0 0 0 0 0  0 0 0 0 0 0 0 0 0 0  0 0 0 0 0 0 0 0 0 0  0 0 0 0 0 0 0 0 0 0  0 0 0 0 0 0 0 0 0 0  0 0 0 0 0 0 0 0 0 0  0 0 0 0 0 0 0 0 0 0  0 0 0 0 0 0 0 0 0 0  0 0 0 0 0 0 0 0 0 0  0 0 0 0 0 0 0 0 0 0  0 0 0 0 0 0 0 1 1 0  0 0 0 0 0 0 0 1 1 0  0 0 0 0 0 0 0 1 1 0  0 0 0 0 0 0 0 1 1 0  0 0 0 0 0 0 0 1 0 0  0 0 0 0 0 0 0 0 0 0  0 0 0 0 0 0 0 0 0 0  0 0 0 0 0 0 0 0 0 0  0 0 0 0 0 0 0 0 0 0  0 0 0 0 0 0 0 0 0 0  0 0 0 0 0 0 0 0 0 0  0 0 0 0 0 0 0 0 0 0  0 0 0 0 0 0 0 0 0 0  0 0 0 0 0 0 0 0 0 0  0 0 0 0 0 0 0 0 0 0  0 0 0 0 0 0 0 0 0 0  0 0 0 0 0 0 0 0 0 0  0 0 0 0 0 0 0 0 0 0  0 0 0 0 0 0 0 0 0 0  0 0 0 0 0 0 0 0 0 0  0 0 0 0 0 0 0 0 0 0  0 0 0 0 0 0 0 0 0 0  0 0 0 0 0 0 0 0 0 0  0 0 0 0 0 0 0 0 0 0  0 0 0 0 0 0 0 0 0 0  0 0 0 0 0 0 0 0 0 0  0 0 0 0 0 0 0 0 0 0  0 0 0 0 0 0 0 0 0 0  0 0 0 0 0 0 0 0 0 0  0 0 0 0 0 0 0 0 0 0  0 0 0 0 0 0 0 0 0 0  0 0 0 0 0 0 0 0 0 0  0 0 0 0 0 0 0 0 0 0  0 0 0 0 0 0 0 0 0 0  0 0 0 0 0 0 0 0 0 0
0 0 0 0 0 0 0 0 0 0 0 0 0 0 0 0 0 0 0 0 0 0 0 0 0 0 0 0 0 0 0 0 0 0 0 2  0 0 0 0 0 0 0 0 0 0 0 0 0 0 0 0 0 0 0 0 0 0 0 0 0 0 0 0 0 0 0 0 0 0 0 0  0 0 0 0 0 0 0 0 0 0 0 0 0 0 0 0 0 0 0 0 0 0 0 0 0 0 0 0 0 0 0 0 0 0 0 0  0 0 0 0 0 0 0 0 0 0 0 0 0 0 0 0 0 0 0 0 0 0 0 0 0 0 2 0 0 0 0 2 0 0 0 0  0 0 0 0 0 0 0 0 0 0 0 2 0 0 2 0 0 0 0 0 0 0 0 0 0 0 0 0 0 0 0 0 0 0 0 0  0 0 0 0 0 0 0 0 0 0 0 0 0 0 0 0 0 0 0 0 0 0 0 0 0 0 0 0 0 0 0 0 0 0 0 0  0 0 0 0 0 0 0 0 0 0 0 0 0 0 0 0 0 0 0 0 0 0 0 0 0 0 0 0 0 0 0 0 0 0 0 0  0 0 0 0 0 0 0 0 0 0 0 0 0 0 0 0 0 0 0 0 0 0 0 0 0 0 0 0 0 0 0 0 0 0 0 0  0 0 0 0 0 0 0 0 0 0 0 0 0 0 0 0 0 0 0 0 0 0 0 0 0 0 0 0 0 0 0 0 0 0 0 0  0 0 0 0 0 0 0 0 0 0 0 0 0 0 0 0 0 0 0 0 0 0 0 0 0 0 0 0 0 0 0 0 0 0 0 0  0 0 0 0 0 0 0 0 0 0 0 0 0 0 0 0 0 0 0 0 0 0 0 0 0 0 0 0 0 0 0 0 0 0 0 0  0 0 0 0 0 0 0 0 0 0 0 0 0 0 0 0 0 0 0 0 0 0 0 0 0 0 0 0 0 0 0 0 0 0 0 0  0 0 0 0 0 0 0 0 0 0 0 0 0 0 0 0 0 0 0 0 0 0 0 0 0 0 0 0 0 0 0 0 0 0 0 0  0 0 0 0 0 0 0 0 0 0 0 0 0 0 0 0 0 0 0 0 0 0 0 0 0 0 0 0 0 0 0 0
0 0 0 0 0 0 0 0 0 0 0 0 0 0 0 0 0 0 0 0 0 0 0 0 0 0 0 0 0 0 0 0 0 0 0 0  0 0 0 0 0 0 0 0 0 0 0 0 0 0 0 0 0 0 0 0 0 0 0 0 0 0 0 0 0 0 0 0 0 0 0 0  0 0 0 0 0 0 0 2 0 0 0 0 0 0 0 2 2 2 0 0 0 0 0 2 2 2 2 2 0 0 0 2 2 2 2 2  2 2 0 0 2 2 2 2 2 2 2 2 0 0 1 1 1 2 2 2 2 2 0 1 1 1 1 1 2 2 2 2 0 1 1 1  1 3 2 2 2 2 0 1 1 1 3 3 3 4 4 2 0 1 1 3 3 3 3 4 4 2 0 1 1 3 3 3 3 4 4 2  0 1 3 3 3 3 3 4 4 2 0 1 3 3 3 3 3 4 2 2 0 1 3 3 3 3 3 2 2 2 0 1 3 3 3 3  3 2 2 2 0 1 3 3 3 3 3 2 2 2 0 0 3 3 3 3 3 2 2 2 0 0 3 3 3 3 3 2 2 2 0 0  3 3 3 3 3 2 2 2 0 0 0 3 3 3 3 2 2 2 0 0 0 3 3 3 3 3 2 2 0 0 0 3 3 3 3 3  2 2 0 0 0 3 3 3 3 3 2 2 0 0 0 3 3 3 3 3 2 2 0 0 0 3 3 3 3 3 2 2 0 0 0 3  3 3 3 3 2 2 0 0 3 3 3 3 3 3 2 2 0 0 3 3 3 3 3 3 2 2 0 0 3 3 3 3 3 3 2 2  0 0 3 3 3 3 3 3 2 2 0 0 3 3 3 3 3 2 2 2 0 0 3 3 3 3 3 2 2 2 0 0 3 3 3 3  3 2 2 2 0 0 0 3 3 3 3 2 2 2 0 0 3 3 3 3 2 2 2 2 0 0 0 3 3 3 2 2 2 2 0 0  3 3 3 3 2 2 2 2 0 0 0 3 3 3 2 2 2 2 0 0 0 3 3 2 2 2 2 2 0 0 0 0 3 2 2 2  2 2 0 0 0 0 2 2 2 2 2 2 0 0 0 0 2 2 2 2 2 2 0 0 0 0 2 2 2 2 2 2
