False
30
False
40
10
4
False
0.01
0.0001
1000
0
False
81
2025
2827635000
 52 133 127  84
0.47 0.34 0.28 0.15
0.47
False  True  True  True
0 0 0 0 1 0 0 0 0 0  0 0 0 0 0 0 0 0 0 0  0 0 0 0 0 0 0 0 0 0  0 0 0 0 0 0 0 0 0 0  0 0 0 0 0 0 0 0 0 0  0 0 0 0 0 0 0 0 0 0  0 0 0 0 0 0 0 0 0 0  0 0 0 0 0 0 0 0 0 0  0 0 0 0 0 0 0 0 0 0  0 0 0 0 0 0 0 0 0 0  0 0 0 0 0 0 0 0 0 0  0 0 0 0 0 0 0 0 0 0  0 0 0 0 0 2 0 0 0 0  0 0 0 0 2 2 0 0 0 0  0 0 0 2 2 2 0 0 0 0  0 0 2 2 2 2 2 0 0 0  0 0 2 2 2 2 2 0 0 0  0 2 2 2 2 2 2 2 0 0  0 2 2 2 2 2 2 2 0 0  0 2 2 2 2 2 2 2 0 0  0 2 2 2 2 2 2 2 0 0  0 0 2 2 2 2 2 0 0 0  0 0 0 2 2 2 0 0 0 0  0 0 0 0 0 0 0 0 0 0  0 0 0 0 0 0 0 0 0 0  0 0 0 0 0 0 0 0 0 0  0 0 0 0 0 0 0 0 0 0  0 0 0 0 0 0 0 0 0 0  0 0 0 0 0 0 0 0 0 0  0 0 0 0 0 0 0 0 0 0  0 0 0 0 0 0 0 0 0 0  0 0 0 0 0 0 0 0 0 0  0 0 0 0 0 0 0 0 0 0  0 0 0 0 0 0 0 0 0 0  0 0 0 0 0 0 0 0 0 0  0 0 0 0 0 0 0 0 0 0  0 0 0 0 0 0 0 0 0 0  0 0 0 0 0 0 0 0 0 0  0 0 0 0 0 0 0 0 0 0  0 0 0 0 0 0 0 0 0 0 0 0 0 0 0 0 0 0 1 1  0 0 0 0 0 0 1 1 1 1  0 0 0 0 0 1 1 1 1 1  0 0 0 0 0 0 1 1 1 1  0 0 0 0 0 1 1 1 1 1  0 0 0 0 0 1 1 1 1 1  0 0 0 0 0 1 1 1 1 1  0 0 0 0 0 1 1 1 1 1  0 0 0 0 0 1 1 1 1 1  0 0 0 0 0 1 1 1 1 1  0 0 0 0 0 1 1 1 1 1  0 0 0 0 0 1 1 1 1 1  0 0 0 0 0 0 1 1 1 1  0 0 0 0 0 0 1 1 1 1  0 0 0 0 0 0 1 1 1 1  0 0 0 0 0 0 0 1 1 1  0 0 0 0 0 0 0 1 1 1  0 0 0 0 0 0 0 0 1 1  0 0 0 0 0 0 0 0 1 1  0 0 0 0 0 0 0 0 1 1  0 0 0 0 0 0 0 0 1 1  0 1 0 0 0 0 0 1 1 1  0 1 1 0 0 0 1 1 1 0  0 1 1 1 1 1 1 1 1 0  0 1 1 1 1 1 1 1 1 0  0 1 1 1 1 1 1 1 1 0  0 1 1 1 1 1 1 1 1 0  0 0 1 1 1 1 1 1 0 0  0 0 0 1 1 1 1 1 0 0  0 0 0 0 0 1 0 0 0 0  0 0 0 0 0 0 0 0 0 0  0 0 0 0 0 0 0 0 0 0  0 0 0 0 0 0 0 0 0 0  0 0 0 0 0 0 0 0 0 0  0 0 0 0 0 0 0 0 0 0  0 0 0 0 0 0 0 0 0 0  0 0 0 0 0 0 0 0 0 0  0 0 0 0 0 0 0 0 0 0  0 0 0 0 0 0 0 0 0 0  0 0 0 0 0 0 0 0 0 0 1 1 1 1 0 1 1 1 0 0  1 1 1 1 1 1 0 0 0 0  1 1 1 1 1 0 0 0 0 0  1 1 1 1 1 1 0 0 0 0  1 1 1 1 1 0 0 0 0 0  1 1 1 1 1 0 0 0 0 0  1 1 1 1 1 0 0 0 0 0  1 1 1 1 1 0 0 0 0 0  1 1 1 1 1 0 0 0 0 0  1 1 1 1 1 0 0 0 0 0  1 1 1 1 1 0 0 0 0 0  1 1 1 1 1 0 0 0 0 0  1 1 1 1 1 0 0 0 0 0  1 1 1 1 0 0 0 0 0 0  1 1 1 0 0 0 0 0 0 0  1 1 0 0 0 0 0 0 0 0  1 1 0 0 0 0 0 0 0 0  1 0 0 0 0 0 0 0 0 0  1 0 0 0 0 0 0 0 0 0  1 0 0 0 0 0 0 0 0 0  1 0 0 0 0 0 0 0 0 0  1 0 0 0 0 0 0 0 0 0  1 0 0 0 0 0 0 0 0 0  1 0 0 0 0 0 0 0 0 0  1 0 0 0 0 0 0 0 0 0  1 0 0 0 0 0 0 0 0 0  1 0 0 0 0 0 0 0 0 0  1 1 0 0 0 0 0 0 0 0  1 1 1 0 0 0 0 0 0 0  1 1 1 1 1 0 1 0 0 0  1 1 1 1 1 1 1 0 0 0  1 1 1 1 1 1 0 0 0 0  1 1 1 1 1 1 0 0 0 0  1 1 1 1 1 0 0 0 0 0  1 1 1 0 0 0 0 0 0 0  0 0 0 0 0 0 0 0 0 0  0 0 0 0 0 0 0 0 0 0  0 0 0 0 0 0 0 0 0 0  0 0 0 0 0 0 0 0 0 0  0 0 0 0 0 0 0 0 0 0 0 0 0 0 0 0 0 0 0 0  0 0 0 0 0 0 0 0 0 0  0 0 0 0 0 0 0 0 0 0  0 0 0 0 0 0 0 0 0 0  0 0 0 0 0 0 0 0 0 0  0 0 0 0 0 0 0 0 0 0  0 0 0 0 0 0 0 0 0 0  0 0 0 0 0 0 0 0 0 0  0 0 0 0 0 0 0 0 0 0  0 0 0 0 0 0 0 0 0 0  0 0 0 0 0 0 0 0 0 0  0 0 0 0 0 0 0 0 0 0  0 0 0 0 0 0 0 0 0 0  0 0 0 0 0 0 0 0 0 0  0 0 0 0 0 0 0 0 0 0  0 0 0 0 0 0 0 0 0 0  0 0 0 0 0 0 0 0 0 0  0 0 0 0 0 0 0 0 0 0  0 0 0 0 0 0 0 0 0 0  0 0 0 0 0 0 0 0 0 0  0 0 0 0 0 0 0 0 0 0  0 0 0 0 0 0 0 0 0 0  0 0 0 0 0 0 0 0 0 1  0 0 0 0 0 0 0 0 0 1  0 0 0 0 0 0 0 0 0 1  0 0 0 0 0 0 0 0 0 1  0 0 0 0 0 0 0 0 0 1  0 0 0 0 0 0 0 0 1 1  0 0 0 0 0 0 0 0 1 1  0 0 0 0 0 0 0 1 1 1  0 0 0 0 0 0 0 1 1 1  0 0 0 0 0 0 1 1 1 1  0 0 0 0 0 0 1 1 1 1  0 0 0 0 0 1 1 1 1 1  0 0 0 1 1 1 1 1 1 1  1 1 1 1 1 1 1 1 1 1  1 1 1 1 1 1 1 1 1 1  1 1 1 1 1 1 1 1 1 1  1 1 1 1 1 1 1 1 1 1  1 1 1 1 1 1 1 1 1 1
0 0 0 0 0 0 0 0 0 0 0 0 0 0 0 0 0 0 0 0 0 0 0 0 0 0 0 0 0 0 0 0 0 0 0 0  0 0 0 0 0 0 0 0 0 0 0 0 0 0 0 0 0 0 0 0 0 0 0 0 0 0 0 0 0 0 0 0 0 0 0 0  0 0 0 0 0 0 0 0 0 0 0 0 0 0 0 0 0 0 0 0 0 0 0 0 0 0 0 0 0 0 0 0 0 0 0 0  0 0 0 0 0 0 0 0 0 0 0 0 0 0 0 0 0 0 0 0 0 0 0 0 0 0 0 0 0 0 0 0 0 0 0 0  0 0 0 0 0 0 0 0 0 0 0 0 0 0 0 0 0 0 0 0 0 0 0 0 0 0 0 0 0 0 0 0 0 0 0 0  0 0 0 0 0 0 0 0 0 0 0 0 0 0 0 0 0 0 0 0 0 0 0 0 0 0 0 0 0 0 0 0 0 0 2 0  0 0 0 0 0 0 0 0 0 0 0 0 0 0 0 0 0 0 0 0 0 0 0 0 0 0 0 0 0 0 0 0 0 0 0 0  0 0 0 0 0 0 0 0 0 0 0 0 0 0 0 0 0 0 0 0 0 0 2 0 0 0 0 0 0 0 0 0 0 0 0 0  0 0 0 0 0 0 0 0 0 0 0 0 0 0 0 0 0 0 0 0 0 0 0 0 2 0 0 0 0 0 0 0 0 0 0 0  0 0 0 0 0 0 0 0 0 0 0 0 0 0 0 0 0 0 0 0 0 0 0 0 0 0 0 0 0 0 0 0 0 0 0 0  0 0 0 0 0 0 0 0 0 0 0 0 0 0 0 0 0 0 0 0 0 0 0 0 0 0 0 2 0 0 0 0 0 0 0 0  0 0 0 0
2 2 2 2 0 2 2 2 1 1 2 2 2 2 2 2 1 1 1 1 2 2 2 2 2 1 1 1 1 1 2 2 2 2 2 2  1 1 1 1 2 2 2 2 2 1 1 1 1 1 2 2 2 2 2 1 1 1 1 1 2 2 2 2 2 1 1 1 1 1 2 2  2 2 2 1 1 1 1 1 2 2 2 2 2 1 1 1 1 1 2 2 2 2 2 1 1 1 1 1 2 2 2 2 2 1 1 1  1 1 2 2 2 2 2 1 1 1 1 1 2 2 2 2 2 0 1 1 1 1 2 2 2 2 0 0 1 1 1 1 2 2 2 0  0 0 1 1 1 1 2 2 0 0 0 0 0 1 1 1 2 2 0 0 0 0 0 1 1 1 2 0 0 0 0 0 0 0 1 1  2 0 0 0 0 0 0 0 1 1 2 0 0 0 0 0 0 0 1 1 2 0 0 0 0 0 0 0 1 1 2 1 0 0 0 0  0 1 1 1 2 1 1 0 0 0 1 1 1 3 2 1 1 1 1 1 1 1 1 3 2 1 1 1 1 1 1 1 1 3 2 1  1 1 1 1 1 1 1 3 2 1 1 1 1 1 1 1 1 3 2 2 1 1 1 1 1 1 3 3 2 2 2 1 1 1 1 1  3 3 2 2 2 2 2 1 2 3 3 3 2 2 2 2 2 2 2 3 3 3 2 2 2 2 2 2 3 3 3 3 2 2 2 2  2 2 3 3 3 3 2 2 2 2 2 3 3 3 3 3 2 2 2 3 3 3 3 3 3 3 3 3 3 3 3 3 3 3 3 3  3 3 3 3 3 3 3 3 3 3 3 3 3 3 3 3 3 3 3 3 3 3 3 3 3 3 3 3 3 3 3 3 3 3 3 3  3 3 3 3
