False
30
False
40
10
3
False
0.01
0.0001
1000
0
False
65
2024
2561400500
167 102 128
0.26   0.2275 0.0325
0.2599999999999999
 True False False
1 1 1 1 1 0 0 0 0 0  1 1 1 1 1 0 0 0 0 0  1 1 1 1 1 1 0 0 0 0  1 1 1 1 1 0 0 0 0 0  1 1 1 1 1 1 1 0 0 0  1 1 1 1 1 1 1 0 0 0  1 1 1 1 1 1 1 0 0 0  1 1 1 1 1 1 1 1 0 0  1 1 1 1 1 1 1 1 0 0  1 1 1 1 1 1 1 1 1 0  1 1 1 1 1 1 1 1 1 0  1 1 1 1 1 1 1 1 1 0  1 1 1 1 1 1 1 1 1 0  1 1 1 1 1 1 1 1 1 0  1 1 1 1 1 1 1 1 1 0  1 1 1 1 1 1 1 1 1 0  1 1 1 1 1 1 1 1 1 0  1 1 1 1 1 1 1 1 0 0  1 1 1 1 1 1 1 1 0 0  1 1 1 1 1 1 1 0 0 0  1 1 1 1 1 1 1 0 0 0  1 1 1 1 1 0 0 0 0 0  1 1 1 0 0 0 0 0 0 0  0 0 0 0 0 0 0 0 0 0  0 0 0 0 0 0 0 0 0 0  0 0 0 0 0 0 0 0 0 0  0 0 0 0 0 0 0 0 0 0  0 0 0 0 0 0 0 0 0 0  0 0 0 0 0 0 0 0 0 0  0 0 0 0 0 0 0 0 0 0  0 0 0 0 0 0 0 0 0 0  0 0 0 0 0 0 0 0 0 0  0 0 0 0 0 0 0 0 0 0  0 0 0 0 0 0 0 0 0 0  0 0 0 0 0 0 0 0 0 0  0 0 0 0 0 0 0 0 0 0  0 0 0 0 0 0 0 0 0 0  0 0 0 0 0 0 0 0 0 0  0 0 0 0 0 0 0 0 0 0  0 0 0 0 0 0 0 0 0 0 0 0 0 0 0 1 1 1 1 0  0 0 0 0 0 1 1 1 1 0  0 0 0 0 0 0 1 1 1 1  0 0 0 0 0 1 1 1 1 0  0 0 0 0 0 0 0 1 1 1  0 0 0 0 0 0 0 1 1 0  0 0 0 0 0 0 0 1 1 1  0 0 0 0 0 0 0 0 1 0  0 0 0 0 0 0 0 0 1 0  0 0 0 0 0 0 0 0 0 0  0 0 0 0 0 0 0 0 0 2  0 0 0 0 0 0 0 0 0 2  0 0 0 0 0 0 0 0 0 2  0 0 0 0 0 0 0 0 0 2  0 0 0 0 0 0 0 0 0 2  0 0 0 0 0 0 0 0 0 2  0 0 0 0 0 0 0 0 0 2  0 0 0 0 0 0 0 0 2 2  0 0 0 0 0 0 0 0 2 2  0 0 0 0 0 0 0 2 2 2  0 0 0 0 0 0 0 2 2 2  0 0 0 0 0 2 2 2 2 2  0 0 0 2 2 2 2 2 2 0  2 2 2 2 2 2 2 2 2 0  2 2 2 2 2 2 2 2 2 0  2 2 2 2 2 2 2 2 2 0  2 2 2 2 2 2 2 2 0 0  2 2 2 2 2 2 2 0 0 0  2 2 2 2 2 2 0 0 0 0  0 0 2 0 0 0 0 0 0 0  0 0 0 0 0 0 0 0 0 0  0 0 0 0 0 0 0 0 0 0  0 0 0 0 0 0 0 0 0 0  0 0 0 0 0 0 0 0 0 0  0 0 0 0 0 0 0 0 0 0  0 0 0 0 0 0 0 0 0 0  0 0 0 0 0 0 0 0 0 0  0 0 0 0 0 0 0 0 0 0  0 0 0 0 0 0 0 0 0 0  0 0 0 0 0 0 0 0 0 0 0 0 0 0 0 0 0 0 0 1  0 0 0 0 0 0 0 0 0 1  0 0 0 0 0 0 0 0 0 0  0 0 0 0 0 0 0 0 0 2  0 0 0 0 0 0 0 0 0 0  0 0 0 0 0 0 0 0 0 3  0 0 0 0 0 0 0 0 0 0  0 0 0 0 0 0 0 0 0 4  0 0 0 0 0 0 0 0 0 4  0 0 0 0 0 0 0 0 0 4  0 0 0 0 0 0 0 0 0 0  0 0 0 0 0 0 0 0 0 0  0 0 0 0 0 0 0 0 0 0  0 0 0 0 0 0 0 0 0 0  0 0 0 0 0 0 0 0 0 0  0 0 0 0 0 0 0 0 0 0  0 0 0 0 0 0 0 0 0 0  0 0 0 0 0 0 0 0 0 0  0 0 0 0 0 0 0 0 0 0  0 0 0 0 0 0 0 0 0 0  0 0 0 0 0 0 0 0 0 0  0 0 0 0 0 0 0 0 0 0  0 0 0 0 0 0 0 0 0 5  0 0 0 0 0 0 0 0 0 5  0 0 0 0 0 0 0 0 0 5  0 0 0 0 0 0 0 0 0 5  0 0 0 0 0 0 0 0 5 5  0 0 0 0 0 0 0 5 5 5  0 0 0 0 0 0 5 5 5 5  5 5 0 5 5 5 5 5 5 5  5 5 5 5 5 5 5 5 5 5  5 5 5 5 5 5 5 5 5 5  5 5 5 5 5 5 5 5 5 5  5 5 5 5 5 5 5 5 5 5  5 5 5 5 5 5 5 5 5 5  5 5 5 5 5 5 5 5 5 5  5 5 5 5 5 5 5 5 5 5  5 5 5 5 5 5 5 5 5 5  5 5 5 5 5 5 5 5 5 5  5 5 5 5 5 5 5 5 5 5
0 0 0 0 0 0 0 0 0 0 0 0 0 0 0 0 0 0 0 0 0 0 0 0 0 0 0 0 0 0 0 0 0 0 0 0  0 0 0 0 0 0 0 0 0 0 0 0 0 0 0 0 0 0 0 0 0 0 0 0 0 0 0 0 0 0 0 0 0 0 0 0  0 0 0 0 0 0 0 0 0 0 0 0 0 0 0 0 0 0 0 0 0 0 0 0 0 0 0 0 0 0 0 0 0 0 0 0  0 0 0 0 0 0 0 0 0 0 0 0 0 0 0 0 0 0 0 0 0 0 0 0 0 0 0 0 0 0 0 0 0 0 0 0  0 0 0 0 0 0 0 0 0 0 0 0 0 0 0 0 0 0 0 0 0 0 0 0 0 0 0 0 0 0 0 0 0 0 0 0  0 0 0 0 0 0 0 0 0 0 0 0 0 0 0 0 0 0 0 0 0 0 2 0 0 0 0 0 0 0 0 0 0 0 0 0  0 0 0 0 0 0 0 0 0 0 0 0 0 0 0 0 0 0 0 0 0 0 0 0 0 0 0 0 0 0 0 0 0 0 0 0  0 2 0 0 0 0 0 0 0 0 0 0 0 0 0 0 0 0 0 0 0 0 0 0 0 0 0 0 0 0 0 0 0 0 0 0  0 0 0 0 0 0 0 0 0 0 0 0 0 0 0 0 0 0 0 0 0 0 0 0 0 0 0 0 0 0 0 0 0 0 0 0  0 0 0 0 0 0 0 0 0 0 0 0 0 0 0 0 0 0 0 0 0 0 0 0 0 0 0 0 0 0 0 0 0 0 0 0  0 0 0 0 0 0 0 0 0 0 0 0 0 0 0 0 0 0 0 2 0 0 0 0 0 0 0 0 0 0 0 0 0 0 0 0  0 0 0 0
0 0 0 0 0 1 1 1 1 2 0 0 0 0 0 1 1 1 1 2 0 0 0 0 0 0 1 1 1 1 0 0 0 0 0 1  1 1 1 2 0 0 0 0 0 0 0 1 1 1 0 0 0 0 0 0 0 1 1 2 0 0 0 0 0 0 0 1 1 1 0 0  0 0 0 0 0 0 1 2 0 0 0 0 0 0 0 0 1 2 0 0 0 0 0 0 0 0 0 2 0 0 0 0 0 0 0 0  0 1 0 0 0 0 0 0 0 0 0 1 0 0 0 0 0 0 0 0 0 1 0 0 0 0 0 0 0 0 0 1 0 0 0 0  0 0 0 0 0 1 0 0 0 0 0 0 0 0 0 1 0 0 0 0 0 0 0 0 0 1 0 0 0 0 0 0 0 0 1 1  0 0 0 0 0 0 0 0 1 1 0 0 0 0 0 0 0 1 1 1 0 0 0 0 0 0 0 1 1 1 0 0 0 0 0 1  1 1 1 1 0 0 0 1 1 1 1 1 1 2 1 1 1 1 1 1 1 1 1 2 1 1 1 1 1 1 1 1 1 2 1 1  1 1 1 1 1 1 1 2 1 1 1 1 1 1 1 1 2 2 1 1 1 1 1 1 1 2 2 2 1 1 1 1 1 1 2 2  2 2 2 2 1 2 2 2 2 2 2 2 2 2 2 2 2 2 2 2 2 2 2 2 2 2 2 2 2 2 2 2 2 2 2 2  2 2 2 2 2 2 2 2 2 2 2 2 2 2 2 2 2 2 2 2 2 2 2 2 2 2 2 2 2 2 2 2 2 2 2 2  2 2 2 2 2 2 2 2 2 2 2 2 2 2 2 2 2 2 2 2 2 2 2 2 2 2 2 2 2 2 2 2 2 2 2 2  2 2 2 2
