False
30
False
50
10
3
False
0.01
0.0001
1000
0
False
14
2024
2740903900
161 161 175
0.028 0.028 0.056
0.05600000000000006
False False  True
1 1 1 1 1 1 1 1 1 1  1 1 1 1 1 1 1 1 1 1  1 1 1 1 1 1 1 1 1 1  1 1 1 1 1 1 1 1 1 1  1 1 1 1 1 1 1 1 1 1  1 1 1 1 1 1 1 1 1 1  1 1 1 1 1 1 1 1 1 1  1 1 1 1 1 1 1 1 1 1  1 1 1 1 1 1 1 1 1 1  1 1 1 1 1 1 1 1 1 1  1 1 1 1 1 1 1 1 1 1  1 1 1 1 1 1 1 1 1 1  1 1 0 0 0 0 0 1 1 1  1 0 0 0 0 0 0 0 1 1  0 0 0 0 0 0 0 0 1 1  0 0 0 0 0 0 0 0 0 1  0 0 0 0 0 0 0 0 0 1  0 0 0 0 0 0 0 0 0 1  0 0 0 0 0 0 0 0 0 1  0 0 0 0 0 0 0 0 0 1  0 0 0 0 0 0 0 0 0 1  0 0 0 0 0 0 0 0 0 1  0 0 0 0 0 0 0 0 0 1  0 0 0 0 0 0 0 0 0 1  0 0 0 0 0 0 0 0 0 1  0 0 0 0 0 0 0 0 0 1  0 0 0 0 0 0 0 0 0 1  0 0 0 0 0 0 0 0 0 1  0 0 0 0 0 0 0 0 0 0  0 0 0 0 0 0 0 0 0 0  0 0 0 0 0 0 0 0 0 0  0 0 0 0 0 0 0 0 2 0  0 0 0 0 0 0 0 0 2 2  0 0 0 0 0 0 0 0 2 2  0 0 0 0 0 0 0 0 2 2  0 0 0 0 0 0 0 2 2 2  0 0 0 0 0 0 0 0 0 2  0 0 0 0 0 0 0 0 0 2  0 0 0 0 0 0 0 0 2 2  0 0 0 0 0 0 0 0 0 2  0 0 0 0 0 0 0 0 0 2  0 0 0 0 0 0 0 0 0 2  0 0 0 0 0 0 0 0 0 2  0 0 0 0 0 0 0 0 0 2  0 0 0 0 0 0 0 0 0 0  0 0 0 0 0 0 0 0 0 0  0 0 0 0 0 0 0 0 0 0  0 0 0 0 0 0 0 0 0 0  0 0 0 0 0 0 0 0 0 0  0 0 0 0 0 0 0 0 0 0 0 0 0 0 0 0 0 0 0 0  0 0 0 0 0 0 0 0 0 0  0 0 0 0 0 0 0 0 0 0  0 0 0 0 0 0 0 0 0 0  0 0 0 0 0 0 0 0 0 0  0 0 0 0 0 0 0 0 0 0  0 0 0 0 0 0 0 0 0 0  0 0 0 0 0 0 0 0 0 0  0 0 0 0 0 0 0 0 0 0  0 0 0 0 0 0 0 0 0 0  0 0 0 0 0 0 0 0 0 0  0 0 0 0 0 0 0 0 0 0  0 0 1 1 1 1 1 0 0 0  0 1 1 1 1 1 1 1 0 0  1 1 1 1 1 1 1 1 0 0  1 1 1 1 1 1 1 1 1 0  1 1 1 1 1 1 1 1 1 0  1 1 1 1 1 1 1 1 1 0  1 1 1 1 1 1 1 1 1 0  1 1 1 1 1 1 1 1 1 0  1 1 1 1 1 1 1 1 1 0  1 1 1 1 1 1 1 1 1 0  1 1 1 1 1 1 1 1 1 0  1 1 1 1 1 1 1 1 1 0  1 1 1 0 0 0 1 1 1 0  1 1 0 0 0 0 0 1 1 0  1 1 0 0 0 0 0 0 1 0  1 0 0 0 0 0 0 0 1 0  1 0 0 0 0 0 0 0 1 1  1 0 0 0 0 0 0 0 1 1  1 0 0 0 0 0 0 0 1 1  1 0 0 0 0 0 0 0 0 1  1 0 0 0 0 0 0 0 0 0  1 0 0 0 0 0 0 0 0 0  1 1 0 0 0 0 0 0 0 0  1 1 0 0 0 0 0 0 0 0  1 0 0 0 0 0 0 2 2 0  1 1 1 0 0 0 2 2 2 0  1 1 0 0 0 2 2 2 0 0  1 1 0 0 2 2 2 2 2 0  1 1 0 0 0 2 2 2 2 0  0 0 0 0 0 0 0 2 2 0  0 0 0 0 0 0 0 0 0 0  0 0 0 0 0 0 0 0 0 0  0 0 0 0 0 0 0 0 0 0  0 0 0 0 0 0 0 0 0 0  0 0 0 0 0 0 0 0 0 0  0 0 0 0 0 0 0 0 0 0  0 0 0 0 0 0 0 0 0 0  0 0 0 0 0 0 0 0 0 0 0 0 0 0 0 0 0 0 0 0  0 0 0 0 0 0 0 0 0 0  0 0 0 0 0 0 0 0 0 0  0 0 0 0 0 0 0 0 0 0  0 0 0 0 0 0 0 0 0 0  0 0 0 0 0 0 0 0 0 0  0 0 0 0 0 0 0 0 0 0  0 0 0 0 0 0 0 0 0 0  0 0 0 0 0 0 0 0 0 0  0 0 0 0 0 0 0 0 0 0  0 0 0 0 0 0 0 0 0 0  0 0 0 0 0 0 0 0 0 0  0 0 0 0 0 0 0 0 0 0  0 0 0 0 0 0 0 0 0 0  0 0 0 0 0 0 0 0 0 0  0 0 0 0 0 0 0 0 0 0  0 0 0 0 0 0 0 0 0 0  0 0 0 0 0 0 0 0 0 0  0 0 0 0 0 0 0 0 0 0  0 0 0 0 0 0 0 0 0 0  0 0 0 0 0 0 0 0 0 0  0 0 0 0 0 0 0 0 0 0  0 0 0 0 0 0 0 0 0 0  0 0 0 0 0 0 0 0 0 0  0 0 0 1 1 1 0 0 0 0  0 0 1 1 1 1 1 0 0 0  0 0 1 1 1 1 1 1 0 0  0 1 1 1 1 1 1 1 0 0  0 1 1 1 1 1 1 1 0 0  0 1 1 1 1 1 1 1 0 0  0 1 1 1 1 1 1 1 0 0  0 1 1 1 1 1 1 1 0 0  0 1 1 1 1 1 1 1 0 0  0 1 1 1 1 1 1 1 0 0  0 0 1 1 1 1 1 1 0 0  0 0 1 1 1 1 1 0 0 0  0 1 1 1 1 1 1 0 0 0  0 0 0 1 1 1 0 0 0 0  0 0 1 1 1 0 0 0 0 0  0 0 1 1 0 0 0 0 0 0  0 0 1 1 1 0 0 0 0 0  1 1 1 1 1 1 1 0 0 0  1 1 1 1 1 1 1 1 1 0  1 1 1 1 1 1 1 1 1 0  1 1 1 1 1 1 1 1 1 1  1 1 1 1 1 1 1 1 1 1  1 1 1 1 1 1 1 1 1 1  1 1 1 1 1 1 1 1 1 1  1 1 1 1 1 1 1 1 1 1  1 1 1 1 1 1 1 1 1 1
0 0 0 0 0 0 0 0 0 0 0 0 0 0 0 2 0 0 0 0 0 0 0 0 0 0 0 0 0 0 0 0 0 0 0 0  0 0 0 0 0 0 0 0 0 0 0 0 0 0 0 0 0 0 0 0 0 0 0 0 0 0 0 0 0 0 0 0 0 0 0 0  0 0 0 0 0 0 0 0 0 0 0 0 0 0 0 0 0 0 0 0 0 0 0 0 0 0 0 0 0 0 0 0 0 0 0 0  0 0 0 0 0 0 0 0 0 0 0 0 0 0 0 0 0 0 0 0 0 0 0 0 0 0 0 0 0 0 0 0 0 0 0 0  2 0 0 0 0 0 0 0 0 0 0 0 0 0 0 0 0 0 0 0 0 0 0 0 0 0 0 0 0 0 0 0 0 0 0 0  0 0 0 0 0 0 0 0 0 0 0 0 0 0 0 0 0 0 0 0 0 0 0 0 0 0 0 0 0 0 0 0 0 0 0 0  0 0 0 0 0 0 0 0 0 0 0 0 0 0 0 0 0 0 0 0 0 0 0 0 0 0 0 0 0 0 0 0 0 0 0 0  0 0 0 0 0 0 0 0 0 0 0 0 2 0 0 0 0 0 0 0 0 0 0 0 0 0 0 0 0 0 0 0 0 0 0 0  0 0 0 0 0 0 0 0 0 0 0 0 0 0 0 0 0 0 0 0 0 0 0 0 0 0 0 0 0 0 0 0 0 0 0 0  0 0 0 0 0 0 0 0 0 0 0 0 0 0 0 0 0 0 0 0 0 0 0 0 0 0 0 0 0 0 0 0 0 0 0 0  0 0 0 0 0 0 0 0 0 0 0 0 0 0 0 0 0 0 0 0 0 0 0 0 0 0 0 0 0 0 0 0 0 0 0 0  0 0 0 0 0 0 0 0 0 0 0 0 0 0 0 0 0 0 0 0 0 0 0 0 0 0 0 0 0 0 0 0 0 0 0 0  0 0 0 0 0 0 0 0 0 0 0 0 0 0 0 0 0 0 0 0 0 0 0 0 0 0 0 0 0 0 0 0 0 0 0 0  0 0 0 0 0 0 0 0 0 0 0 0 0 0 0 0 0 0 0 0 0 0 0 0 0 0 0 0 0 0 0 0
0 0 0 0 0 0 0 0 0 0 0 0 0 0 0 0 0 0 0 0 0 0 0 0 0 0 0 0 0 0 0 0 0 0 0 0  0 0 0 0 0 0 0 0 0 0 0 0 0 0 0 0 0 0 0 0 0 0 0 0 0 0 0 0 0 0 0 0 0 0 0 0  0 0 0 0 0 0 0 0 0 0 0 0 0 0 0 0 0 0 0 0 0 0 0 0 0 0 0 0 0 0 0 0 0 0 0 0  0 0 0 0 0 0 0 0 0 0 0 0 0 0 1 1 1 1 1 0 0 0 0 1 1 1 1 1 1 1 0 0 1 1 1 1  1 1 1 1 0 0 1 1 1 1 1 1 1 1 1 0 1 1 1 1 1 1 1 1 1 0 1 1 1 1 1 1 1 1 1 0  1 1 1 1 1 1 1 1 1 0 1 1 1 1 1 1 1 1 1 0 1 1 1 1 1 1 1 1 1 0 1 1 1 1 1 1  1 1 1 0 1 1 1 1 1 1 1 1 1 0 1 1 1 1 1 1 1 1 1 0 1 1 1 2 2 2 1 1 1 0 1 1  2 2 2 2 2 1 1 0 1 1 2 2 2 2 2 2 1 0 1 2 2 2 2 2 2 2 1 0 1 2 2 2 2 2 2 2  1 1 1 2 2 2 2 2 2 2 1 1 1 2 2 2 2 2 2 2 1 1 1 2 2 2 2 2 2 2 0 1 1 2 2 2  2 2 2 2 0 0 1 2 2 2 2 2 2 2 0 0 1 1 2 2 2 2 2 2 0 0 1 1 2 2 2 2 2 0 0 0  1 2 2 2 2 2 2 1 1 0 1 1 1 2 2 2 1 1 1 0 1 1 2 2 2 1 1 1 0 0 1 1 2 2 1 1  1 1 1 0 1 1 2 2 2 1 1 1 1 0 2 2 2 2 2 2 2 1 1 0 2 2 2 2 2 2 2 2 2 0 2 2  2 2 2 2 2 2 2 0 2 2 2 2 2 2 2 2 2 2 2 2 2 2 2 2 2 2 2 2 2 2 2 2 2 2 2 2  2 2 2 2 2 2 2 2 2 2 2 2 2 2 2 2 2 2 2 2 2 2 2 2 2 2 2 2 2 2 2 2
