False
30
False
50
20
3
False
0.01
0.0001
1000
0
False
192
2024
2988100900
393 206 398
0.182 0.379 0.197
0.37899999999999995
 True False  True
0 0 0 0 0 0 0 0 0 0 0 0 0 0 0 0 0 0 0 0  0 0 0 0 0 0 0 0 0 0 0 0 0 0 0 0 0 0 0 0  0 0 0 0 0 0 0 0 0 0 0 0 0 0 0 0 0 0 0 0  0 0 0 0 0 0 0 0 0 0 0 0 0 0 0 0 0 0 0 0  0 0 0 0 0 0 0 0 0 0 0 0 0 0 0 0 0 0 0 0  0 0 0 0 0 0 0 0 0 0 0 0 0 0 0 0 0 0 0 0  0 0 0 0 0 0 0 0 0 0 0 0 0 0 0 0 0 0 0 0  0 0 0 0 0 0 0 0 0 0 0 0 0 0 0 0 0 0 0 0  0 0 0 0 0 0 0 1 0 0 0 0 0 0 0 0 0 0 0 0  0 0 0 1 1 1 1 1 1 1 1 1 0 0 0 0 0 0 0 0  0 1 1 1 1 1 1 1 1 1 1 1 1 0 0 0 0 0 0 0  0 1 1 1 1 1 1 1 1 1 1 1 1 1 0 0 0 0 0 0  1 1 1 1 1 1 1 1 1 1 1 1 1 1 1 1 0 0 0 0  1 1 1 1 1 1 1 1 1 1 1 1 1 1 1 1 0 0 0 0  1 1 1 1 1 1 1 1 1 1 1 1 1 1 1 1 1 0 0 0  1 1 1 1 1 1 1 1 1 1 1 1 1 1 1 1 1 1 0 0  1 1 1 1 1 1 1 1 1 1 1 1 1 1 1 1 1 1 0 0  1 1 1 1 1 1 1 1 1 1 1 1 1 1 1 1 1 1 0 0  1 1 1 1 1 1 1 1 1 1 1 1 1 1 1 1 1 1 0 0  1 1 1 1 1 1 1 1 1 1 1 1 1 1 1 1 1 1 1 0  1 1 1 1 1 1 1 1 1 1 1 1 1 1 1 1 1 1 1 0  1 1 1 1 1 1 1 1 1 1 1 1 1 1 1 1 1 1 1 0  1 1 1 1 1 1 1 1 1 1 1 1 1 1 1 1 1 1 1 0  1 1 1 1 1 1 1 1 1 1 1 1 1 1 1 1 1 1 1 0  1 1 1 1 1 1 1 1 1 1 1 1 1 1 1 1 1 1 1 0  1 1 1 1 1 1 1 1 1 1 1 1 1 1 1 1 1 1 1 0  1 1 1 1 1 1 1 1 1 1 1 1 1 1 1 1 1 1 0 0  1 1 1 1 1 1 1 1 1 1 1 1 1 1 1 1 1 1 0 0  1 1 1 1 1 1 1 1 1 1 1 1 1 1 1 1 1 0 0 0  0 1 1 1 1 1 1 1 1 1 1 1 1 1 1 1 1 0 0 0  0 0 1 1 1 1 1 1 1 1 1 1 1 1 1 1 0 0 0 0  0 0 0 1 1 1 1 1 1 1 1 1 1 1 1 0 0 0 0 0  0 0 0 0 1 1 1 1 1 1 1 1 1 0 0 0 0 0 0 0  0 0 0 0 0 0 0 0 1 0 0 0 0 0 0 0 0 0 0 0  0 0 0 0 0 0 0 0 0 0 0 0 0 0 0 0 0 0 0 0  0 0 0 0 0 0 0 0 0 0 0 0 0 0 0 0 0 0 0 0  0 0 0 0 0 0 0 0 0 0 0 0 0 0 0 0 0 0 0 0  0 0 0 0 0 0 0 0 0 0 0 0 0 0 0 0 0 0 0 0  0 0 0 0 0 0 0 0 0 0 0 0 0 0 0 0 0 0 0 0  0 0 0 0 0 0 0 0 0 0 0 0 0 0 0 0 0 0 0 0  0 0 0 0 0 0 0 0 0 0 0 0 0 0 0 0 0 0 0 0  0 0 0 0 0 0 0 0 0 0 0 0 0 0 0 0 0 0 0 0  0 0 0 0 0 0 0 0 0 0 0 0 0 0 0 0 0 0 0 0  0 0 0 0 0 0 0 0 0 0 0 0 0 0 0 0 0 0 0 0  0 0 0 0 0 0 0 0 0 0 0 0 0 0 0 0 0 0 0 0  0 0 0 0 0 0 0 0 0 0 0 0 0 0 0 0 0 0 0 0  0 0 0 0 0 0 0 0 0 0 0 0 0 0 0 0 0 0 0 0  0 0 0 0 0 0 0 0 0 0 0 0 0 0 0 0 0 0 0 0  0 0 0 0 0 0 0 0 0 0 0 0 0 0 0 0 0 0 0 0  0 0 0 0 0 0 0 0 0 0 0 0 0 0 0 0 0 0 0 0 0 0 0 0 0 0 0 0 0 0 0 0 0 0 0 0 0 0 0 0  0 0 0 0 0 0 0 0 0 0 0 0 0 0 0 0 0 0 0 0  0 0 0 0 0 0 0 0 0 0 0 0 0 0 0 0 0 0 0 0  0 0 0 0 0 0 0 0 0 0 0 0 0 0 0 0 0 0 0 0  0 0 0 0 0 0 0 0 0 0 0 0 0 0 0 0 0 0 0 0  0 0 0 0 0 0 0 0 0 0 0 0 0 0 0 0 0 0 0 0  0 0 0 0 0 0 0 0 0 0 0 0 0 0 0 0 0 0 0 0  0 0 0 0 0 0 0 0 0 0 0 0 0 0 0 0 0 0 0 0  0 0 0 0 0 0 0 0 0 0 0 0 0 0 0 0 0 0 0 0  0 0 0 0 0 0 0 0 0 0 0 0 0 0 0 0 0 0 0 0  1 0 0 0 0 0 0 0 0 0 0 0 0 0 0 0 0 0 0 0  1 0 0 0 0 0 0 0 0 0 0 0 0 0 0 0 0 0 0 0  0 0 0 0 0 0 0 0 0 0 0 0 0 0 0 0 0 0 0 0  0 0 0 0 0 0 0 0 0 0 0 0 0 0 0 0 0 0 0 0  0 0 0 0 0 0 0 0 0 0 0 0 0 0 0 0 0 0 0 0  0 0 0 0 0 0 0 0 0 0 0 0 0 0 0 0 0 0 0 0  0 0 0 0 0 0 0 0 0 0 0 0 0 0 0 0 0 0 0 0  0 0 0 0 0 0 0 0 0 0 0 0 0 0 0 0 0 0 0 0  0 0 0 0 0 0 0 0 0 0 0 0 0 0 0 0 0 0 0 0  0 0 0 0 0 0 0 0 0 0 0 0 0 0 0 0 0 0 0 0  0 0 0 0 0 0 0 0 0 0 0 0 0 0 0 0 0 0 0 0  0 0 0 0 0 0 0 0 0 0 0 0 0 0 0 0 0 0 0 0  0 0 0 0 0 0 0 0 0 0 0 0 0 0 0 0 0 0 0 0  0 0 0 0 0 0 0 0 0 0 0 0 0 0 0 0 0 0 0 0  0 0 0 0 0 0 0 0 0 0 0 0 0 0 0 0 0 0 0 0  0 0 0 0 0 0 0 0 0 0 0 0 0 0 0 0 0 0 0 0  0 0 0 0 0 0 0 0 0 0 0 0 0 0 0 0 0 0 0 0  0 0 0 0 0 0 0 0 0 0 0 0 0 0 0 0 0 0 0 0  0 0 0 0 0 0 0 0 0 0 0 0 0 0 0 0 0 0 0 0  2 0 0 0 0 0 0 0 0 0 0 0 0 0 0 0 0 0 0 0  2 2 0 0 0 0 0 0 0 0 0 0 0 0 0 0 0 0 0 0  2 2 2 0 0 0 0 0 0 0 0 0 0 0 0 0 0 0 0 0  2 2 2 2 0 0 0 0 0 0 0 0 0 2 2 0 0 0 0 0  2 2 2 2 2 2 2 2 0 2 2 2 2 2 2 0 0 0 0 0  2 2 2 2 2 2 2 2 2 2 2 2 2 2 2 0 0 0 0 0  2 2 2 2 2 2 2 2 2 2 2 2 2 2 0 0 0 0 0 0  2 2 2 2 2 2 2 2 2 2 2 2 2 2 0 0 0 0 0 0  2 2 2 2 2 2 2 2 2 2 2 2 2 2 0 0 0 0 0 0  2 2 2 2 2 2 2 2 2 2 2 2 2 0 0 0 0 0 0 0  2 2 2 2 2 2 2 2 2 2 2 2 0 0 0 0 0 0 0 0  2 2 2 2 2 2 2 2 2 2 2 2 0 0 0 0 0 0 0 0  2 2 2 2 2 2 2 2 2 2 2 0 0 0 0 0 0 0 0 0  2 2 2 2 2 2 2 2 2 2 2 0 0 0 0 0 0 0 0 0  2 2 2 2 2 2 2 2 2 2 0 0 0 0 0 0 0 0 0 0  2 2 2 2 2 2 2 2 2 2 0 0 0 0 0 0 0 0 0 0  2 2 2 2 2 2 2 2 2 0 0 0 0 0 0 0 0 0 0 0  2 2 2 2 2 2 2 2 2 0 0 0 0 0 0 0 0 0 0 0  2 2 2 2 2 2 2 2 2 0 0 0 0 0 0 0 0 0 0 0  2 2 2 2 2 2 2 2 0 0 0 0 0 0 0 0 0 0 0 0  2 2 2 2 2 2 2 2 0 0 0 0 0 0 0 0 0 0 0 0 1 1 1 1 1 1 1 1 1 1 1 1 1 1 1 1 1 1 1 1  1 1 1 1 1 1 1 1 1 1 1 1 1 1 1 1 1 1 1 1  1 1 1 1 1 1 1 1 1 1 1 1 1 1 1 1 1 1 1 1  1 1 1 1 1 1 1 1 1 1 1 1 1 1 1 1 1 1 1 1  1 1 1 1 1 1 1 1 1 1 1 1 1 1 1 1 1 1 1 1  1 1 1 1 1 1 1 1 1 1 1 1 1 1 1 1 1 1 1 1  1 1 1 1 1 1 1 1 1 1 1 1 1 1 1 1 1 1 1 1  1 1 1 1 1 1 1 1 1 1 1 1 1 1 1 1 1 1 1 1  1 1 1 1 1 1 1 0 1 1 1 1 1 1 1 1 1 1 1 1  1 1 1 0 0 0 0 0 0 0 0 0 1 1 1 1 1 1 1 1  0 0 0 0 0 0 0 0 0 0 0 0 0 1 1 1 1 1 1 1  0 0 0 0 0 0 0 0 0 0 0 0 0 0 1 1 1 1 1 1  0 0 0 0 0 0 0 0 0 0 0 0 0 0 0 0 1 1 1 1  0 0 0 0 0 0 0 0 0 0 0 0 0 0 0 0 1 1 1 1  0 0 0 0 0 0 0 0 0 0 0 0 0 0 0 0 0 1 1 1  0 0 0 0 0 0 0 0 0 0 0 0 0 0 0 0 0 0 1 1  0 0 0 0 0 0 0 0 0 0 0 0 0 0 0 0 0 0 1 1  0 0 0 0 0 0 0 0 0 0 0 0 0 0 0 0 0 0 1 1  0 0 0 0 0 0 0 0 0 0 0 0 0 0 0 0 0 0 1 1  0 0 0 0 0 0 0 0 0 0 0 0 0 0 0 0 0 0 0 1  0 0 0 0 0 0 0 0 0 0 0 0 0 0 0 0 0 0 0 1  0 0 0 0 0 0 0 0 0 0 0 0 0 0 0 0 0 0 0 1  0 0 0 0 0 0 0 0 0 0 0 0 0 0 0 0 0 0 0 1  0 0 0 0 0 0 0 0 0 0 0 0 0 0 0 0 0 0 0 1  0 0 0 0 0 0 0 0 0 0 0 0 0 0 0 0 0 0 0 1  0 0 0 0 0 0 0 0 0 0 0 0 0 0 0 0 0 0 0 1  0 0 0 0 0 0 0 0 0 0 0 0 0 0 0 0 0 0 1 1  0 0 0 0 0 0 0 0 0 0 0 0 0 0 0 0 0 0 1 1  0 0 0 0 0 0 0 0 0 0 0 0 0 0 0 0 0 1 1 1  0 0 0 0 0 0 0 0 0 0 0 0 0 0 0 0 0 1 1 1  0 0 0 0 0 0 0 0 0 0 0 0 0 0 0 0 1 1 1 1  0 0 0 0 0 0 0 0 0 0 0 0 0 0 0 1 1 1 1 1  0 0 0 0 0 0 0 0 0 0 0 0 0 0 0 1 1 1 1 1  0 0 0 0 0 0 0 0 0 0 0 0 0 0 0 1 1 1 1 1  0 0 0 0 0 0 0 0 0 0 0 0 0 0 0 1 1 1 1 1  0 0 0 0 0 0 0 0 0 0 0 0 0 0 1 1 1 1 1 1  0 0 0 0 0 0 0 0 0 0 0 0 0 0 1 1 1 1 1 1  0 0 0 0 0 0 0 0 0 0 0 0 0 0 1 1 1 1 1 1  0 0 0 0 0 0 0 0 0 0 0 0 0 1 1 1 1 1 1 1  0 0 0 0 0 0 0 0 0 0 0 0 1 1 1 1 1 1 1 1  0 0 0 0 0 0 0 0 0 0 0 0 1 1 1 1 1 1 1 1  0 0 0 0 0 0 0 0 0 0 0 1 1 1 1 1 1 1 1 1  0 0 0 0 0 0 0 0 0 0 0 1 1 1 1 1 1 1 1 1  0 0 0 0 0 0 0 0 0 0 1 1 1 1 1 1 1 1 1 1  0 0 0 0 0 0 0 0 0 0 1 1 1 1 1 1 1 1 1 1  0 0 0 0 0 0 0 0 0 1 1 1 1 1 1 1 1 1 1 1  0 0 0 0 0 0 0 0 0 1 1 1 1 1 1 1 1 1 1 1  0 0 0 0 0 0 0 0 0 1 1 1 1 1 1 1 1 1 1 1  0 0 0 0 0 0 0 0 1 1 1 1 1 1 1 1 1 1 1 1  0 0 0 0 0 0 0 0 1 1 1 1 1 1 1 1 1 1 1 1
0 0 0 0 0 0 0 0 0 0 0 0 0 0 0 0 0 0 0 0 0 0 0 0 0 0 0 0 0 0 0 0 0 0 0 0  0 0 0 0 0 0 0 0 0 0 0 0 0 0 0 0 0 0 0 0 0 0 0 0 0 0 0 0 0 0 0 0 0 0 0 0  0 0 0 0 0 0 0 0 0 0 0 0 0 0 0 0 0 0 0 0 0 0 0 0 0 0 0 0 0 0 0 0 0 0 0 0  0 0 0 0 0 0 0 0 0 0 0 0 0 0 0 0 0 0 0 0 0 0 0 0 0 0 0 0 0 0 0 0 0 0 0 0  0 0 0 0 0 0 0 0 0 0 0 0 0 0 0 0 0 0 0 0 0 0 0 0 0 0 0 0 0 0 0 0 0 0 0 0  0 0 0 0 0 0 0 0 0 0 0 0 0 0 0 0 0 0 0 0 0 0 0 0 0 0 0 0 0 0 0 0 0 0 0 0  0 0 0 0 0 0 0 0 0 0 0 0 0 0 0 0 0 0 0 0 0 0 0 0 0 0 0 0 0 0 0 0 0 0 0 0  0 0 0 0 0 0 0 0 0 0 0 0 0 0 0 0 0 0 0 0 0 0 0 0 0 0 0 0 0 0 0 0 0 0 0 0  0 0 0 0 0 0 0 0 0 0 0 0 0 0 0 0 0 0 0 0 0 0 0 0 0 0 0 0 0 0 0 0 0 0 0 0  0 0 0 0 0 0 0 0 0 0 0 0 0 0 0 0 0 0 0 0 0 0 0 0 0 0 0 0 0 0 0 0 0 0 0 0  0 0 0 0 0 0 0 0 0 0 0 0 0 0 0 0 0 0 0 0 0 0 0 0 0 0 0 0 0 0 0 0 0 0 0 0  0 0 0 0 0 0 0 0 0 0 0 0 0 0 0 0 0 0 0 0 0 0 0 0 0 0 0 0 0 0 0 0 0 0 0 0  0 0 0 0 0 0 0 0 0 0 0 0 0 0 0 0 0 0 0 0 0 0 0 0 0 0 0 0 0 0 0 0 0 0 0 0  0 0 0 0 0 0 0 0 0 0 0 0 0 0 0 0 0 0 0 0 0 0 0 0 0 0 0 0 0 0 0 0 0 0 0 0  0 0 0 0 0 0 0 0 0 0 0 0 0 0 0 0 0 0 0 0 0 0 0 0 0 0 0 0 0 0 0 0 0 0 0 0  0 0 0 0 0 0 0 0 0 0 0 0 0 0 0 0 0 0 0 0 0 0 0 0 0 0 0 0 2 0 0 0 0 0 0 0  0 0 0 0 0 0 0 0 0 0 0 0 0 0 0 0 0 0 0 0 0 0 0 0 0 0 0 0 0 0 0 0 0 0 0 0  0 0 0 0 0 0 0 0 0 0 0 0 0 0 0 0 0 0 0 0 0 0 0 0 0 0 0 0 0 0 0 0 0 0 0 0  0 0 0 0 0 0 0 0 0 0 0 0 0 0 0 0 0 0 0 0 0 0 0 0 0 0 0 0 0 0 0 0 0 0 0 0  0 0 0 0 0 0 0 0 0 0 0 0 0 0 0 0 0 0 0 0 0 0 0 0 0 0 0 0 0 0 0 0 0 0 0 0  0 0 0 0 0 0 0 0 0 0 0 0 0 0 0 0 0 0 0 0 0 0 0 0 0 0 0 0 0 0 0 0 0 0 0 0  0 0 0 0 0 0 0 0 0 0 0 0 0 0 0 0 0 0 0 0 0 0 0 0 0 0 0 0 0 0 0 0 0 0 0 0  0 0 0 0 0 0 0 0 0 0 0 0 0 0 0 0 0 0 0 0 0 0 0 0 0 0 0 0 0 0 0 0 0 0 0 0  0 0 0 0 0 0 0 0 0 0 0 0 0 0 0 0 0 0 0 0 0 0 0 0 0 0 0 0 0 0 0 0 0 0 0 0  0 0 0 0 0 0 0 0 0 0 0 0 0 0 0 0 0 0 0 0 0 0 0 0 2 0 0 0 0 0 0 0 0 0 0 0  0 0 0 0 0 0 0 0 0 0 2 0 0 0 0 0 0 0 0 0 0 0 0 0 0 0 0 0 0 0 0 0 0 0 0 0  0 0 0 0 0 0 0 0 0 0 0 0 0 0 0 0 0 0 0 0 0 0 0 0 0 0 0 0 0 0 0 0 0 0 0 0  0 0 0 0 0 0 0 0 0 0 0 0 0 0 0 0 0 0 0 0 0 0 0 0 0 0 0 0
2 2 2 2 2 2 2 2 2 2 2 2 2 2 2 2 2 2 2 2 2 2 2 2 2 2 2 2 2 2 2 2 2 2 2 2  2 2 2 2 2 2 2 2 2 2 2 2 2 2 2 2 2 2 2 2 2 2 2 2 2 2 2 2 2 2 2 2 2 2 2 2  2 2 2 2 2 2 2 2 2 2 2 2 2 2 2 2 2 2 2 2 2 2 2 2 2 2 2 2 2 2 2 2 2 2 2 2  2 2 2 2 2 2 2 2 2 2 2 2 2 2 2 2 2 2 2 2 2 2 2 2 2 2 2 2 2 2 2 2 2 2 2 2  2 2 2 2 2 2 2 2 2 2 2 2 2 2 2 2 2 2 2 2 2 2 2 0 2 2 2 2 2 2 2 2 2 2 2 2  2 2 2 0 0 0 0 0 0 0 0 0 2 2 2 2 2 2 2 2 1 0 0 0 0 0 0 0 0 0 0 0 0 2 2 2  2 2 2 2 1 0 0 0 0 0 0 0 0 0 0 0 0 0 2 2 2 2 2 2 0 0 0 0 0 0 0 0 0 0 0 0  0 0 0 0 2 2 2 2 0 0 0 0 0 0 0 0 0 0 0 0 0 0 0 0 2 2 2 2 0 0 0 0 0 0 0 0  0 0 0 0 0 0 0 0 0 2 2 2 0 0 0 0 0 0 0 0 0 0 0 0 0 0 0 0 0 0 2 2 0 0 0 0  0 0 0 0 0 0 0 0 0 0 0 0 0 0 2 2 0 0 0 0 0 0 0 0 0 0 0 0 0 0 0 0 0 0 2 2  0 0 0 0 0 0 0 0 0 0 0 0 0 0 0 0 0 0 2 2 0 0 0 0 0 0 0 0 0 0 0 0 0 0 0 0  0 0 0 2 0 0 0 0 0 0 0 0 0 0 0 0 0 0 0 0 0 0 0 2 0 0 0 0 0 0 0 0 0 0 0 0  0 0 0 0 0 0 0 2 0 0 0 0 0 0 0 0 0 0 0 0 0 0 0 0 0 0 0 2 0 0 0 0 0 0 0 0  0 0 0 0 0 0 0 0 0 0 0 2 0 0 0 0 0 0 0 0 0 0 0 0 0 0 0 0 0 0 0 2 0 0 0 0  0 0 0 0 0 0 0 0 0 0 0 0 0 0 0 2 0 0 0 0 0 0 0 0 0 0 0 0 0 0 0 0 0 0 2 2  0 0 0 0 0 0 0 0 0 0 0 0 0 0 0 0 0 0 2 2 0 0 0 0 0 0 0 0 0 0 0 0 0 0 0 0  0 2 2 2 1 0 0 0 0 0 0 0 0 0 0 0 0 0 0 0 0 2 2 2 1 1 0 0 0 0 0 0 0 0 0 0  0 0 0 0 2 2 2 2 1 1 1 0 0 0 0 0 0 0 0 0 0 0 0 2 2 2 2 2 1 1 1 1 0 0 0 0  0 0 0 0 0 1 1 2 2 2 2 2 1 1 1 1 1 1 1 1 0 1 1 1 1 1 1 2 2 2 2 2 1 1 1 1  1 1 1 1 1 1 1 1 1 1 1 2 2 2 2 2 1 1 1 1 1 1 1 1 1 1 1 1 1 1 2 2 2 2 2 2  1 1 1 1 1 1 1 1 1 1 1 1 1 1 2 2 2 2 2 2 1 1 1 1 1 1 1 1 1 1 1 1 1 1 2 2  2 2 2 2 1 1 1 1 1 1 1 1 1 1 1 1 1 2 2 2 2 2 2 2 1 1 1 1 1 1 1 1 1 1 1 1  2 2 2 2 2 2 2 2 1 1 1 1 1 1 1 1 1 1 1 1 2 2 2 2 2 2 2 2 1 1 1 1 1 1 1 1  1 1 1 2 2 2 2 2 2 2 2 2 1 1 1 1 1 1 1 1 1 1 1 2 2 2 2 2 2 2 2 2 1 1 1 1  1 1 1 1 1 1 2 2 2 2 2 2 2 2 2 2 1 1 1 1 1 1 1 1 1 1 2 2 2 2 2 2 2 2 2 2  1 1 1 1 1 1 1 1 1 2 2 2 2 2 2 2 2 2 2 2 1 1 1 1 1 1 1 1 1 2 2 2 2 2 2 2  2 2 2 2 1 1 1 1 1 1 1 1 1 2 2 2 2 2 2 2 2 2 2 2 1 1 1 1 1 1 1 1 2 2 2 2  2 2 2 2 2 2 2 2 1 1 1 1 1 1 1 1 2 2 2 2 2 2 2 2 2 2 2 2
