FALSE
30
FALSE
30
10
4
FALSE
0.01
0.0001
1000
0
FALSE
84
2025
2653325800
122  41  95  38
0.64 0.44 0.28 0.48
0.64
False  True  True  True
1 1 1 1 1 1 1 1 1 1  1 1 1 1 1 1 1 1 1 1  1 1 1 1 1 1 0 0 0 1  1 1 1 1 0 0 0 0 0 0  1 1 1 1 0 0 0 0 0 0  1 1 1 1 0 0 0 0 0 0  1 1 1 0 0 0 0 0 0 0  1 1 1 0 0 0 0 0 0 0  1 1 1 1 0 0 0 0 0 0  1 1 1 1 0 0 0 0 0 0  1 1 1 1 0 0 0 0 0 0  1 1 0 0 0 0 0 0 0 0  1 0 0 0 0 0 0 0 0 0  1 0 0 0 0 0 0 0 0 0  1 0 0 0 0 0 0 0 0 0  1 0 0 0 0 0 0 0 0 0  1 0 0 0 0 0 0 0 0 0  1 1 0 0 0 0 2 0 0 0  1 1 1 1 0 0 2 0 0 0  1 1 1 1 1 1 0 0 0 0  1 1 1 1 1 1 0 0 0 0  1 1 1 1 1 1 0 0 0 0  1 1 1 1 1 0 0 0 0 0  1 1 1 1 1 0 0 0 0 0  1 1 1 1 1 0 0 0 0 0  1 1 1 1 1 0 0 0 0 0  1 1 1 1 0 0 0 0 0 0  1 1 1 0 0 0 0 0 0 0  1 1 1 0 0 0 0 0 0 0  1 1 1 0 0 0 0 0 0 0 0 0 0 0 0 0 0 0 0 0  0 0 0 0 0 0 0 0 0 0  0 0 0 0 0 0 1 1 1 0  0 0 0 0 1 1 1 1 1 1  0 0 0 0 1 1 1 1 1 1  0 0 0 0 1 1 1 1 1 1  0 0 0 1 1 1 1 1 0 0  0 0 0 1 1 1 1 1 0 0  0 0 0 0 1 1 1 0 0 0  0 0 0 0 1 1 1 0 0 0  0 0 0 0 1 1 1 0 0 0  0 0 0 0 0 0 1 0 0 0  0 0 0 0 0 0 1 0 0 0  0 0 0 0 0 0 0 0 0 0  0 0 0 0 0 0 0 0 0 0  0 0 0 0 0 0 0 0 0 0  0 0 0 0 0 0 0 0 0 0  0 0 0 0 0 0 0 0 0 0  0 0 0 0 0 0 0 0 0 0  0 0 0 0 0 0 0 0 0 0  0 0 0 0 0 0 0 0 0 0  0 0 0 0 0 0 0 0 0 0  0 0 0 0 0 0 0 0 0 0  0 0 0 0 0 0 0 0 0 0  0 0 0 0 0 0 0 0 0 0  0 0 0 0 0 0 0 0 0 0  0 0 0 0 0 0 0 0 0 0  0 0 0 0 0 0 0 0 0 0  0 0 0 0 0 0 0 0 0 0  0 0 0 0 0 0 0 0 0 0 0 0 0 0 0 0 0 0 0 0  0 0 0 0 0 0 0 0 0 0  0 0 0 0 0 0 0 0 0 0  0 0 0 0 0 0 0 0 0 0  0 0 0 0 0 0 0 0 0 0  0 0 0 0 0 0 0 0 0 0  0 0 0 0 0 0 0 0 1 1  0 0 0 0 0 0 0 0 1 1  0 0 0 0 0 0 0 1 1 1  0 0 0 0 0 0 0 1 1 1  0 0 0 0 0 0 0 1 1 1  0 0 0 0 0 0 0 1 1 1  0 0 0 0 0 0 0 1 1 1  0 0 0 0 0 0 0 1 1 1  0 0 0 0 0 0 0 1 1 1  0 0 0 0 0 0 0 1 1 1  0 0 0 0 0 0 0 1 1 1  0 0 0 0 0 0 0 1 1 1  0 0 0 0 0 0 0 1 1 1  0 0 0 0 0 0 1 1 1 1  0 0 0 0 0 0 1 1 1 1  0 0 0 0 0 0 1 1 1 1  0 0 0 0 0 1 1 1 1 1  0 0 0 0 0 1 1 1 1 1  0 0 0 0 0 1 1 1 1 1  0 0 0 0 0 1 1 1 1 1  0 0 0 0 1 1 1 1 1 1  0 0 0 1 1 1 1 1 1 1  0 0 0 1 1 1 1 1 1 1  0 0 0 1 1 1 1 1 1 1 0 0 0 0 0 0 0 0 0 0  0 0 0 0 0 0 0 0 0 0  0 0 0 0 0 0 0 0 0 0  0 0 0 0 0 0 0 0 0 0  0 0 0 0 0 0 0 0 0 0  0 0 0 0 0 0 0 0 0 0  0 0 0 0 0 0 0 0 0 0  0 0 0 0 0 0 0 0 0 0  0 0 0 0 0 0 0 0 0 0  0 0 0 0 0 0 0 0 0 0  0 0 0 0 0 0 0 0 0 0  0 0 1 1 1 1 0 0 0 0  0 1 1 1 1 1 0 0 0 0  0 1 1 1 1 1 1 0 0 0  0 1 1 1 1 1 1 0 0 0  0 1 1 1 1 1 1 0 0 0  0 1 1 1 1 1 1 0 0 0  0 0 1 1 1 1 0 0 0 0  0 0 0 0 1 1 0 0 0 0  0 0 0 0 0 0 0 0 0 0  0 0 0 0 0 0 0 0 0 0  0 0 0 0 0 0 0 0 0 0  0 0 0 0 0 0 0 0 0 0  0 0 0 0 0 0 0 0 0 0  0 0 0 0 0 0 0 0 0 0  0 0 0 0 0 0 0 0 0 0  0 0 0 0 0 0 0 0 0 0  0 0 0 0 0 0 0 0 0 0  0 0 0 0 0 0 0 0 0 0  0 0 0 0 0 0 0 0 0 0
0 0 0 0 0 2 0 0 0 0 0 0 0 0 0 0 0 0 0 0 0 0 0 0 0 0 0 0 0 0 0 0 0 0 0 0  2 0 0 0 0 0 0 0 0 0 0 0 0 0 0 0 0 0 0 0 0 0 0 0 0 0 0 0 0 0 0 0 0 0 0 0  0 0 0 0 0 0 0 2 0 0 0 0 0 0 0 0 0 0 0 0 0 0 0 0 0 0 0 0 0 0 0 0 0 0 0 0  0 0 0 0 0 0 0 0 0 0 0 0 0 0 0 2 0 0 0 0 0 0 0 0 0 0 0 0 0 0 0 0 0 0 0 0  0 0 0 0 0 0 0 0 0 0 0 0 0 0 0 0 0 0 0 0 0 0 0 0 0 0 0 0 0 0 0 0 0 0 0 0  0 0 0 0 0 0 0 0 0 0 0 0 0 0 0 0 0 0 0 0 0 0 0 0 0 0 0 0 0 0 0 0 0 0 0 0  0 0 0 0 0 0 0 0 0 0 0 0 0 0 0 0 0 0 0 0 0 0 0 0 0 0 0 0 0 0 0 0 0 0 0 0  0 0 0 0 0 0 0 0 0 0 0 0 0 0 0 0 0 0 0 0 0 0 0 0 0 0 0 0 0 0 0 0 0 0 0 0  0 0 0 0 0 0 0 0 0 0 0 0
0 0 0 0 0 0 0 0 0 0 0 0 0 0 0 0 0 0 0 0 0 0 0 0 0 0 1 1 1 0 0 0 0 0 1 1  1 1 1 1 0 0 0 0 1 1 1 1 1 1 0 0 0 0 1 1 1 1 1 1 0 0 0 1 1 1 1 1 2 2 0 0  0 1 1 1 1 1 2 2 0 0 0 0 1 1 1 2 2 2 0 0 0 0 1 1 1 2 2 2 0 0 0 0 1 1 1 2  2 2 0 0 3 3 3 3 1 2 2 2 0 3 3 3 3 3 1 2 2 2 0 3 3 3 3 3 3 2 2 2 0 3 3 3  3 3 3 2 2 2 0 3 3 3 3 3 3 2 2 2 0 3 3 3 3 3 3 2 2 2 0 0 3 3 3 3 0 2 2 2  0 0 0 0 3 3 0 2 2 2 0 0 0 0 0 0 2 2 2 2 0 0 0 0 0 0 2 2 2 2 0 0 0 0 0 0  2 2 2 2 0 0 0 0 0 2 2 2 2 2 0 0 0 0 0 2 2 2 2 2 0 0 0 0 0 2 2 2 2 2 0 0  0 0 0 2 2 2 2 2 0 0 0 0 2 2 2 2 2 2 0 0 0 2 2 2 2 2 2 2 0 0 0 2 2 2 2 2  2 2 0 0 0 2 2 2 2 2 2 2
