FALSE
30
FALSE
50
10
2
FALSE
0.01
0.0001
1000
0
FALSE
180
2025
2815559400
339 159
0.36 0.36
0.36
 True False
1 1 1 1 1 1 1 1 1 1  1 1 1 1 1 1 1 1 1 1  1 1 1 1 1 1 1 1 1 1  1 1 1 1 1 1 1 1 1 1  1 1 1 1 1 1 1 1 1 1  1 1 1 1 1 1 1 1 1 1  1 1 1 1 1 1 1 1 1 1  1 1 1 1 1 1 1 1 1 1  1 1 1 1 1 1 1 1 1 1  1 1 1 1 1 1 1 1 1 1  1 1 1 1 1 1 1 1 1 0  1 1 1 1 1 1 1 1 1 1  1 1 1 1 1 1 1 1 1 0  1 1 1 1 1 1 1 1 1 0  1 1 1 1 1 1 1 1 1 0  1 1 1 1 1 1 1 1 1 0  1 1 1 1 1 1 1 1 1 0  1 1 1 1 1 1 1 1 1 0  1 1 1 1 1 1 1 1 0 0  1 1 1 1 1 1 1 1 0 0  1 1 1 1 1 1 1 1 0 0  1 1 1 1 1 1 1 1 0 0  1 1 1 1 1 1 1 1 0 0  1 1 1 1 1 1 1 1 0 0  1 1 1 1 1 1 1 0 0 0  1 1 1 1 1 1 1 0 0 0  1 1 1 1 1 1 1 0 0 0  1 1 1 1 1 1 1 0 0 0  1 1 1 1 1 1 1 0 0 0  1 1 1 1 1 1 0 0 0 0  1 1 1 1 1 1 0 0 0 0  1 1 1 1 1 1 0 0 0 0  1 1 1 1 1 1 0 0 0 0  1 1 1 1 1 1 0 0 0 0  1 1 1 1 1 0 0 0 0 0  1 1 1 1 1 0 0 0 0 0  1 1 1 1 1 0 0 0 0 0  1 1 1 1 1 0 0 0 0 0  1 1 1 1 0 0 0 0 0 0  1 1 1 1 0 0 0 0 0 0  1 1 1 1 0 0 0 0 0 0  1 1 1 0 0 0 0 0 0 0  1 1 1 0 0 0 0 0 0 0  1 1 1 0 0 0 0 0 0 0  1 1 1 0 0 0 0 0 0 0  1 1 1 0 0 0 0 0 0 0  1 1 1 0 0 0 0 0 0 0  1 1 0 0 0 0 0 0 0 0  1 0 0 0 0 0 0 0 0 0  1 0 0 0 0 0 0 0 0 0 0 0 0 0 0 0 0 0 0 0  0 0 0 0 0 0 0 0 0 0  0 0 0 0 0 0 0 0 0 0  0 0 0 0 0 0 0 0 0 0  0 0 0 0 0 0 0 0 0 0  0 0 0 0 0 0 0 0 0 0  0 0 0 0 0 0 0 0 0 0  0 0 0 0 0 0 0 0 0 0  0 0 0 0 0 0 0 0 0 0  0 0 0 0 0 0 0 0 0 0  0 0 0 0 0 0 0 0 0 1  0 0 0 0 0 0 0 0 0 0  0 0 0 0 0 0 0 0 0 2  0 0 0 0 0 0 0 0 0 2  0 0 0 0 0 0 0 0 0 2  0 0 0 0 0 0 0 0 0 2  0 0 0 0 0 0 0 0 0 2  0 0 0 0 0 0 0 0 0 2  0 0 0 0 0 0 0 0 2 2  0 0 0 0 0 0 0 0 2 2  0 0 0 0 0 0 0 0 2 2  0 0 0 0 0 0 0 0 2 2  0 0 0 0 0 0 0 0 2 2  0 0 0 0 0 0 0 0 2 2  0 0 0 0 0 0 0 2 2 2  0 0 0 0 0 0 0 2 2 2  0 0 0 0 0 0 0 2 2 2  0 0 0 0 0 0 0 2 2 2  0 0 0 0 0 0 0 2 2 2  0 0 0 0 0 0 2 2 2 2  0 0 0 0 0 0 2 2 2 2  0 0 0 0 0 0 2 2 2 2  0 0 0 0 0 0 2 2 2 2  0 0 0 0 0 0 2 2 2 2  0 0 0 0 0 2 2 2 2 2  0 0 0 0 0 2 2 2 2 2  0 0 0 0 0 2 2 2 2 2  0 0 0 0 0 2 2 2 2 2  0 0 0 0 2 2 2 2 2 2  0 0 0 0 2 2 2 2 2 2  0 0 0 0 2 2 2 2 2 2  0 0 0 2 2 2 2 2 2 2  0 0 0 2 2 2 2 2 2 2  0 0 0 2 2 2 2 2 2 2  0 0 0 2 2 2 2 2 2 2  0 0 0 2 2 2 2 2 2 2  0 0 0 2 2 2 2 2 2 2  0 0 2 2 2 2 2 2 2 2  0 2 2 2 2 2 2 2 2 2  0 2 2 2 2 2 2 2 2 2
0 0 0 0 0 0 0 0 0 0 0 0 0 0 0 0 0 0 0 0 0 0 0 0 0 0 0 0 0 0 0 0 0 0 0 0  0 0 0 0 0 0 0 0 0 0 0 0 0 0 0 0 0 0 0 0 0 0 0 0 0 0 0 0 0 0 0 0 0 0 0 0  0 0 0 0 0 0 0 0 0 0 0 0 0 0 0 0 0 0 0 0 0 0 0 0 0 0 0 0 0 0 0 0 0 0 0 0  0 0 0 0 0 0 0 0 0 0 0 0 0 0 0 0 0 0 0 0 0 0 0 0 0 0 0 0 0 0 0 0 0 0 0 0  0 0 0 0 0 0 0 0 0 0 0 0 0 0 0 0 0 0 0 0 0 0 0 0 0 0 0 0 0 0 0 0 0 0 0 0  0 0 0 0 0 0 0 0 0 0 0 0 0 0 0 0 0 0 0 0 0 0 0 0 0 0 0 0 0 0 0 0 0 0 0 0  0 0 0 0 0 0 0 0 0 0 0 0 0 0 0 0 0 0 0 0 0 0 0 0 0 0 0 0 0 0 0 0 0 0 0 0  0 0 0 0 0 0 0 0 0 0 0 0 2 0 0 0 0 0 0 0 0 0 0 0 0 0 0 2 0 0 0 0 0 0 0 0  0 0 0 0 0 0 0 0 0 0 0 0 0 0 0 0 0 0 0 0 0 0 0 0 0 0 0 0 0 0 0 0 0 0 0 0  0 0 0 0 0 0 0 0 0 0 0 0 0 0 0 0 0 0 0 0 0 0 0 0 0 0 0 0 0 0 0 0 0 0 0 0  0 0 0 0 0 0 0 0 0 0 0 0 0 0 0 0 0 0 0 0 0 0 0 0 0 0 0 0 0 0 0 0 0 0 0 0  0 0 0 0 0 0 0 0 0 0 0 0 0 0 0 0 0 0 0 0 0 0 0 0 0 0 0 0 0 0 0 0 0 0 0 0  0 0 0 0 0 0 0 0 0 0 0 0 0 0 0 0 0 0 0 0 0 0 0 0 0 0 0 0 0 0 0 0 0 0 0 0  0 0 0 0 0 0 0 0 0 0 0 0 0 0 0 0 0 0 0 0 0 0 0 0 0 0 0 0 0 0 0 0
0 0 0 0 0 0 0 0 0 0 0 0 0 0 0 0 0 0 0 0 0 0 0 0 0 0 0 0 0 0 0 0 0 0 0 0  0 0 0 0 0 0 0 0 0 0 0 0 0 0 0 0 0 0 0 0 0 0 0 0 0 0 0 0 0 0 0 0 0 0 0 0  0 0 0 0 0 0 0 0 0 0 0 0 0 0 0 0 0 0 0 0 0 0 0 0 0 0 0 0 0 0 0 0 0 0 0 0  0 1 0 0 0 0 0 0 0 0 0 0 0 0 0 0 0 0 0 0 0 1 0 0 0 0 0 0 0 0 0 1 0 0 0 0  0 0 0 0 0 1 0 0 0 0 0 0 0 0 0 1 0 0 0 0 0 0 0 0 0 1 0 0 0 0 0 0 0 0 0 1  0 0 0 0 0 0 0 0 1 1 0 0 0 0 0 0 0 0 1 1 0 0 0 0 0 0 0 0 1 1 0 0 0 0 0 0  0 0 1 1 0 0 0 0 0 0 0 0 1 1 0 0 0 0 0 0 0 0 1 1 0 0 0 0 0 0 0 1 1 1 0 0  0 0 0 0 0 1 1 1 0 0 0 0 0 0 0 1 1 1 0 0 0 0 0 0 0 1 1 1 0 0 0 0 0 0 0 1  1 1 0 0 0 0 0 0 1 1 1 1 0 0 0 0 0 0 1 1 1 1 0 0 0 0 0 0 1 1 1 1 0 0 0 0  0 0 1 1 1 1 0 0 0 0 0 0 1 1 1 1 0 0 0 0 0 1 1 1 1 1 0 0 0 0 0 1 1 1 1 1  0 0 0 0 0 1 1 1 1 1 0 0 0 0 0 1 1 1 1 1 0 0 0 0 1 1 1 1 1 1 0 0 0 0 1 1  1 1 1 1 0 0 0 0 1 1 1 1 1 1 0 0 0 1 1 1 1 1 1 1 0 0 0 1 1 1 1 1 1 1 0 0  0 1 1 1 1 1 1 1 0 0 0 1 1 1 1 1 1 1 0 0 0 1 1 1 1 1 1 1 0 0 0 1 1 1 1 1  1 1 0 0 1 1 1 1 1 1 1 1 0 1 1 1 1 1 1 1 1 1 0 1 1 1 1 1 1 1 1 1
