FALSE
30
FALSE
10
20
2
FALSE
0.01
0.0001
1000
0
FALSE
20
2018
2533240100
109  89
0.1 0.1
0.1
 True  True
0 1 1 1 1 1 1 1 1 1 1 1 1 1 1 1 1 1 1 1  0 1 1 1 1 1 1 1 1 1 1 1 1 1 1 1 1 1 1 1  0 0 1 1 1 1 1 1 1 1 1 1 1 1 1 1 1 1 1 1  0 0 0 1 1 1 1 1 1 1 1 1 1 1 1 1 1 1 1 1  0 0 0 0 1 1 1 1 1 1 1 1 1 1 1 1 1 1 1 1  0 0 0 0 0 1 1 1 1 1 1 1 1 1 1 1 1 0 1 1  0 0 0 0 0 0 0 0 1 1 1 1 1 1 1 0 0 0 0 0  0 0 0 0 0 0 0 0 0 0 0 0 0 0 0 0 0 0 0 0  0 0 0 0 0 0 0 0 0 0 0 0 0 0 0 0 0 0 0 0  0 0 0 0 0 0 0 0 0 0 0 0 0 0 0 0 0 0 0 0 1 0 0 0 0 0 0 0 0 0 0 0 0 0 0 0 0 0 0 0  1 0 0 0 0 0 0 0 0 0 0 0 0 0 0 0 0 0 0 0  1 1 0 0 0 0 0 0 0 0 0 0 0 0 0 0 0 0 0 0  1 1 1 0 0 0 0 0 0 0 0 0 0 0 0 0 0 0 0 0  1 1 1 1 0 0 0 0 0 0 0 0 0 0 0 0 0 0 0 0  1 1 1 1 1 0 0 0 0 0 0 0 0 0 0 0 0 1 0 0  1 1 1 1 1 1 1 1 0 0 0 0 0 0 0 1 1 1 1 1  1 1 1 1 1 1 1 1 1 1 1 1 1 1 1 1 1 1 1 1  1 1 1 1 1 1 1 1 1 1 1 1 1 1 1 1 1 1 1 1  1 1 1 1 1 1 1 1 1 1 1 1 1 1 1 1 1 1 1 1
0 0 0 0 0 0 0 0 0 0 0 0 0 0 0 0 0 0 0 0 0 0 0 0 0 0 0 0 0 0 0 0 0 0 0 0  0 0 0 0 0 0 0 2 0 0 0 0 0 0 0 0 0 0 0 0 0 0 0 0 0 0 0 0 0 0 0 0 0 0 0 0  0 0 0 0 0 0 0 0 0 2 0 0 0 0 0 0 0 0 0 0 0 0 0 0 0 0 0 0 0 0 0 0 0 0 0 0  0 0 0 0 0 0 0 0 0 0 0 0 0 0 0 0 0 0 0 0 0 0 0 0 0 0 0 0 0 0 0 0 0 0 0 0  0 0 0 0 0 0 0 0 0 0 0 0 0 0 0 0 0 0 0 0 0 0 0 0 0 0 0 0 0 0 0 0 0 0 0 0  0 0 0 0 0 0 0 0 0 0 0 0 0 0 0 0 0 0 0 0
1 0 0 0 0 0 0 0 0 0 0 0 0 0 0 0 0 0 0 0 1 0 0 0 0 0 0 0 0 0 0 0 0 0 0 0  0 0 0 0 1 1 0 0 0 0 0 0 0 0 0 0 0 0 0 0 0 0 0 0 1 1 1 0 0 0 0 0 0 0 0 0  0 0 0 0 0 0 0 0 1 1 1 1 0 0 0 0 0 0 0 0 0 0 0 0 0 0 0 0 1 1 1 1 1 0 0 0  0 0 0 0 0 0 0 0 0 1 0 0 1 1 1 1 1 1 1 1 0 0 0 0 0 0 0 1 1 1 1 1 1 1 1 1  1 1 1 1 1 1 1 1 1 1 1 1 1 1 1 1 1 1 1 1 1 1 1 1 1 1 1 1 1 1 1 1 1 1 1 1  1 1 1 1 1 1 1 1 1 1 1 1 1 1 1 1 1 1 1 1
