False
30
False
90
90
20
False
0.1
0.001
10000
0
True
2
16797
336380371900
405 404 403 403 405 404 405 403 404 404 404 405 404 404 403 403 405 403 404 405
0.00246914 0.         0.00246914 0.00246914 0.00246914 0. 0.00246914 0.00246914 0.         0.         0.         0.00246914 0.         0.         0.00246914 0.00246914 0.00246914 0.00246914 0.         0.00246914
0.0024691358024691358
 True  True  True  True  True  True  True  True  True  True  True  True  True  True  True  True  True  True  True  True
0 0 0 0 0 0 0 0 0 0 0 0 0 0 0 0 0 0 0 0 0 0 0 0 0 0 0 0 0 0 0 0 0 0 0 0  0 0 0 0 0 0 0 0 0 0 0 0 0 0 0 0 0 0 0 0 0 0 0 0 0 0 0 0 0 0 0 0 0 0 0 0  0 0 0 0 0 0 0 0 0 0 0 0 0 0 0 0 0 0 0 0 0 0 0 0 0 0 0 0 0 0 0 0 0 0 0 0  0 0 0 0 0 0 0 0 0 0 0 0 0 0 0 0 0 0 0 0 0 0 0 0 0 0 0 0 0 0 0 0 0 0 0 0  0 0 0 0 0 0 0 0 0 0 0 0 0 0 0 0 0 0 0 0 0 0 0 0 0 0 0 0 0 0 0 0 0 0 0 0  0 0 0 0 0 0 0 0 0 0 0 0 0 0 0 0 0 0 0 0 0 0 0 0 0 0 0 0 0 0 0 0 0 0 0 0  0 0 0 0 0 0 0 0 0 0 0 0 0 0 0 0 0 0 0 0 0 0 0 0 0 0 0 0 0 0 0 0 0 0 0 0  0 0 0 0 0 0 0 0 0 0 0 0 0 0 0 0 0 0 0 0 0 0 0 0 0 0 0 0 0 0 0 0 0 0 0 0  0 0 0 0 0 0 0 0 0 0 0 0 0 0 0 0 0 0 0 0 0 0 0 0 0 0 0 0 0 0 0 0 0 0 0 0  0 0 0 0 0 0 0 0 0 0 0 0 0 0 0 0 0 0 0 0 0 0 0 0 0 0 0 0 0 0 0 0 0 0 0 0  0 0 0 0 0 0 0 0 0 0 0 0 0 0 0 0 0 0 0 0 0 0 0 0 0 0 0 0 0 0 0 0 0 0 0 0  0 0 0 0 0 0 0 0 0 0 0 0 0 0 0 0 0 0 0 0 0 0 0 0 0 0 0 0 0 0 0 0 0 0 0 0  0 0 0 2 0 0 0 0 0 0 0 0 0 0 0 0 0 0 0 0 0 0 0 0 0 0 0 0 0 0 0 0 0 0 0 0  0 0 0 0 0 0 0 0 0 0 0 0 0 0 0 0 0 0 0 0 0 0 0 0 0 0 0 0 0 0 0 0 0 0 0 0  0 0 0 0 0 0 0 0 0 0 0 0 0 0 0 0 0 0 0 0 0 0 0 0 0 0 0 0 0 0 0 0 0 0 0 0  0 0 0 0 0 0 0 0 0 0 0 0 0 0 0 0 0 0 0 0 0 0 0 0 0 0 0 0 0 0 0 0 0 0 0 0  0 0 0 0 0 0 0 0 0 0 0 0 0 0 0 0 0 0 0 0 0 0 0 0 0 0 0 0 0 0 0 0 0 0 0 0  0 0 0 0 0 0 0 0 0 0 0 0 0 0 0 0 0 0 0 0 0 0 0 0 0 0 0 0 0 0 0 0 0 0 0 0  0 0 0 0 0 0 0 0 0 0 0 0 0 0 0 0 0 0 0 0 0 0 0 0 0 0 0 0 0 0 0 0 0 0 0 0  0 0 0 0 0 0 0 0 0 0 0 0 0 0 0 0 0 0 0 0 0 0 0 0 0 0 0 0 0 0 0 0 0 0 0 0  0 0 0 0 0 0 0 0 0 0 0 0 0 0 0 0 0 0 0 0 0 0 0 0 0 0 0 0 0 0 0 0 0 0 0 0  0 0 0 0 0 0 0 0 0 0 0 0 0 0 0 0 0 0 0 0 0 0 0 0 0 0 0 0 0 0 0 0 0 0 0 0  0 0 0 0 0 0 0 0 0 0 0 0 0 0 0 0 0 0 0 0 0 0 0 0 0 0 0 0 0 0 0 0 0 0 0 0  0 0 0 0 0 0 0 0 0 0 0 0 0 0 0 0 0 0 0 0 0 2 0 0 0 0 0 0 0 0 0 0 0 0 0 0  0 0 0 0 0 0 0 0 0 0 0 0 0 0 0 0 0 0 0 0 0 0 0 0 0 0 0 0 0 0 0 0 0 0 0 0  0 0 0 0 0 0 0 0 0 0 0 0 0 0 0 0 0 0 0 0 0 2 0 0 0 0 0 0 0 0 0 0 0 0 0 0  0 0 0 0 0 0 0 0 0 0 0 0 0 0 0 0 0 0 0 0 0 0 0 0 0 0 0 0 0 0 0 0 0 0 0 0  0 0 0 0 0 0 0 0 0 0 0 0 0 0 0 0 0 0 0 0 0 2 0 0 0 0 0 0 0 0 0 0 0 0 0 0  0 0 0 0 0 0 0 0 0 0 0 0 0 0 0 0 0 0 0 0 0 0 0 0 0 0 0 0 0 0 0 0 0 0 0 0  0 0 0 0 0 0 0 0 0 0 0 0 0 0 0 0 0 0 0 0 0 0 0 0 0 0 0 0 0 0 0 0 0 0 0 0  0 0 0 0 0 0 0 0 0 0 0 0 0 0 0 0 0 0 0 0 0 0 0 0 0 0 0 0 0 0 0 0 0 0 0 0  0 0 0 0 0 0 0 0 0 0 0 0 0 0 0 0 0 0 0 0 0 0 0 0 0 0 0 0 0 0 0 0 0 0 0 0  0 0 0 0 0 0 0 0 0 0 0 0 0 0 0 0 0 0 0 0 0 0 0 0 0 0 0 0 0 0 0 0 0 0 0 0  0 0 0 0 0 0 0 0 0 0 0 0 0 0 0 0 0 0 0 0 0 0 0 0 0 0 0 0 0 0 0 0 0 0 0 0  0 0 0 0 0 0 0 0 0 0 0 0 0 0 0 0 0 0 0 0 0 0 0 0 0 0 0 0 0 0 0 0 0 0 0 0  0 0 0 0 0 0 0 0 0 0 0 0 0 0 0 0 0 0 0 0 0 0 0 0 0 0 0 0 0 0 0 0 0 0 0 0  0 0 0 0 0 0 0 0 0 0 0 0 0 0 0 0 0 0 0 0 0 0 0 0 0 0 0 0 0 0 0 0 0 0 0 0  0 0 0 0 0 0 0 0 0 0 0 0 0 0 0 0 0 0 0 0 0 0 0 0 0 0 0 0 0 0 0 0 0 0 0 0  0 0 0 0 0 0 0 0 0 0 0 0 0 0 0 0 0 0 0 0 0 0 0 0 0 0 0 0 0 0 0 0 0 0 0 0  0 0 0 0 0 0 0 0 0 0 0 0 0 0 0 0 0 0 0 0 0 0 0 0 0 0 0 0 0 0 0 0 0 0 0 0  0 0 0 0 0 0 0 0 0 0 0 0 0 0 0 0 0 0 0 0 0 0 0 0 0 0 0 0 0 0 0 0 0 0 2 0  0 0 0 0 0 0 0 0 0 0 0 0 0 0 0 0 0 0 0 0 0 0 0 0 0 0 0 0 0 0 0 0 0 0 0 0  0 0 0 0 0 0 0 0 0 0 0 0 0 0 0 0 0 0 0 0 0 0 0 0 0 0 0 0 0 0 0 0 0 0 0 0  0 0 0 0 0 0 0 0 0 0 0 0 0 0 0 0 0 0 0 0 0 0 0 0 0 0 0 0 0 0 0 0 0 0 0 0  0 0 0 0 0 0 0 0 0 0 0 0 0 0 0 0 0 0 0 0 0 0 0 0 0 0 0 0 0 0 0 0 0 0 0 0  0 0 0 0 0 0 0 0 0 0 0 0 0 0 0 0 0 0 0 0 0 0 0 0 0 0 0 0 0 0 0 0 0 0 0 0  0 0 0 0 0 0 0 0 0 0 0 0 0 0 0 0 0 0 0 0 0 0 0 0 0 0 0 0 0 0 0 0 0 0 0 0  0 0 0 0 0 0 0 0 0 0 0 0 0 0 0 0 0 0 0 0 0 0 0 0 0 0 0 0 0 0 0 0 0 0 0 0  0 0 0 0 0 0 0 0 0 0 0 0 0 0 0 0 0 0 0 0 0 0 0 0 0 0 0 0 0 0 0 0 0 0 0 0  0 0 0 0 0 0 0 0 0 0 0 0 0 0 0 0 0 0 0 0 0 0 0 0 0 0 0 0 0 0 0 0 0 0 0 0  0 0 0 0 0 0 0 0 0 0 0 0 0 0 0 0 0 0 0 0 0 0 0 0 0 0 0 0 0 0 0 0 0 0 0 0  0 0 0 0 0 0 0 0 0 0 0 0 0 0 0 0 0 0 0 0 0 0 0 0 0 0 0 0 2 0 0 0 0 0 0 0  0 0 0 0 0 0 0 0 0 0 0 0 0 0 0 0 0 0 0 0 0 0 0 0 0 0 0 0 0 0 0 0 0 0 0 0  0 0 0 0 0 0 0 0 0 0 0 0 0 0 0 0 0 0 0 0 0 0 0 0 0 0 0 0 0 0 0 0 0 0 0 0  0 0 0 0 0 0 0 0 0 0 0 0 2 0 0 0 0 0 0 0 0 0 0 0 0 0 0 0 0 0 0 0 0 0 0 0  0 0 0 0 0 0 0 0 0 0 0 0 0 0 0 0 0 0 0 0 0 0 0 0 0 0 0 0 0 0 0 0 0 0 0 0  0 0 0 0 0 0 0 0 0 0 0 0 0 0 0 0 0 0 0 0 0 0 0 0 0 0 0 0 0 0 0 0 0 0 0 0  0 0 0 0 0 0 0 0 0 0 0 0 0 0 0 0 0 0 0 0 0 0 0 0 0 0 0 0 0 0 0 0 0 0 0 0  0 0 0 0 0 0 0 0 0 0 0 0 0 0 0 0 0 0 0 0 0 0 0 0 0 0 0 0 0 0 0 0 0 0 0 0  0 0 0 0 0 0 0 0 0 0 0 0 0 0 0 0 0 0 0 0 0 0 0 0 0 0 0 0 0 0 0 0 0 0 0 0  0 0 0 0 0 0 0 0 0 0 0 0 0 0 0 0 0 0 0 0 0 0 0 0 0 0 0 0 0 0 0 0 0 0 0 0  0 0 0 0 0 0 0 0 0 0 0 0 0 0 0 0 0 0 0 0 0 0 0 0 0 0 0 0 0 0 0 0 0 0 0 0  0 0 0 0 0 0 0 0 0 0 0 0 0 0 0 0 0 0 0 0 0 0 0 0 0 0 0 0 0 0 0 0 0 0 0 0  0 0 0 0 0 0 0 0 0 0 0 0 0 0 0 0 0 0 0 0 0 0 0 0 0 0 0 0 0 0 0 0 0 0 0 0  0 0 0 0 0 0 0 0 0 0 0 0 0 0 0 0 0 0 0 0 0 0 0 0 0 0 0 0 0 0 0 0 0 0 0 0  0 0 0 0 0 0 0 0 0 0 0 0 0 0 0 0 0 0 0 0 0 0 0 0 0 0 0 0 0 0 0 0 0 0 0 0  0 0 0 0 0 0 0 0 0 0 0 0 0 0 0 0 0 0 0 0 0 0 0 0 0 0 0 0 0 0 0 0 0 0 0 0  0 0 0 0 0 0 0 0 0 0 0 0 0 0 0 0 0 0 0 0 0 0 0 0 0 0 0 0 0 0 0 0 0 0 0 0  0 0 0 0 0 0 0 0 0 0 0 0 0 0 0 0 0 0 0 0 0 0 0 0 0 0 0 0 0 0 0 0 0 0 0 0  0 0 0 0 0 0 0 0 0 0 0 0 0 0 0 0 0 0 0 0 0 0 0 0 0 0 0 0 0 0 0 0 0 0 0 0  0 0 0 0 0 0 0 0 0 0 0 0 0 0 0 0 0 0 0 0 0 0 0 0 0 0 0 0 0 0 0 0 0 0 0 0  0 0 0 0 0 0 0 0 0 0 0 0 0 0 0 0 0 0 0 0 0 0 0 0 0 0 0 0 0 0 0 0 0 0 0 0  0 0 0 0 0 0 0 0 0 0 0 0 0 0 0 0 0 0 0 0 0 0 0 0 2 0 0 0 0 0 0 0 0 0 0 0  0 0 0 0 0 0 0 0 0 0 0 0 0 0 0 0 0 0 0 0 0 0 0 0 0 0 0 0 0 0 0 0 0 0 0 0  0 0 0 0 0 0 0 0 0 0 0 0 0 0 0 0 0 0 0 0 0 0 0 0 0 0 0 0 0 0 0 0 0 0 0 0  0 0 0 0 0 0 0 0 0 0 0 0 0 0 0 0 0 0 0 0 0 0 0 0 0 0 0 0 0 0 0 0 0 0 0 0  0 0 0 0 0 0 0 0 0 0 0 0 0 0 0 0 0 0 0 0 0 0 0 0 0 0 0 0 0 0 0 0 0 0 0 0  0 0 0 0 0 0 0 0 0 0 0 0 0 0 0 0 0 0 0 0 0 0 0 0 0 0 0 0 0 0 0 0 0 0 0 0  0 0 0 0 0 0 0 0 0 0 0 0 0 0 0 0 0 0 0 0 0 0 0 0 0 0 0 0 0 0 0 0 0 0 0 0  0 0 0 0 0 0 0 0 0 0 0 0 0 0 0 0 0 0 0 0 0 0 0 0 0 0 0 0 0 0 0 0 0 0 0 0  0 0 0 0 0 0 0 0 0 0 0 0 0 0 0 0 0 0 0 0 0 0 0 0 0 0 0 0 0 0 0 0 0 0 0 0  0 0 0 0 0 0 0 0 0 0 0 0 0 0 0 0 0 0 0 0 0 0 0 0 0 0 0 0 0 0 0 0 0 0 0 0  0 0 0 0 0 0 0 0 0 0 0 0 0 0 0 0 0 0 0 0 0 0 0 0 0 0 0 0 0 0 0 0 0 0 0 0  0 0 0 0 0 0 0 0 0 0 0 0 0 0 0 0 0 0 0 0 0 0 0 0 0 0 0 0 0 0 0 0 0 0 0 0  0 0 0 0 0 0 0 0 0 0 0 0 0 0 0 0 0 0 0 0 0 0 0 0 0 0 0 0 0 0 0 0 0 0 0 0  0 0 0 0 0 0 0 0 0 0 0 0 0 0 0 0 0 0 0 0 0 0 0 0 0 0 0 0 0 0 0 0 0 0 0 0  0 0 0 0 0 0 0 0 0 0 0 0 0 0 0 0 0 0 0 0 0 0 0 0 0 0 0 0 0 0 0 0 0 0 0 0  0 0 0 0 0 0 0 0 0 0 0 0 0 0 0 0 0 0 0 0 0 0 0 0 0 0 0 0 0 0 0 0 0 0 0 0  0 0 0 0 0 0 0 0 0 0 0 0 0 0 0 0 0 0 0 0 0 0 0 0 0 0 0 0 0 0 0 0 0 0 0 0  0 0 0 0 0 0 0 0 0 0 0 0 0 0 0 0 0 0 0 0 0 0 0 0 0 0 0 0 0 0 0 0 0 0 0 0  0 0 0 0 0 0 0 0 0 0 0 0 0 0 0 0 0 0 0 0 0 0 0 0 0 0 0 0 0 0 0 0 0 0 0 0  0 0 0 0 0 0 0 0 0 0 0 0 0 0 0 0 0 0 0 0 0 0 0 0 0 0 0 0 0 0 0 0 0 0 0 0  0 0 0 0 0 0 0 0 0 0 0 0 0 0 0 0 0 0 0 0 0 0 0 0 0 0 0 0 0 0 0 0 0 0 0 0  0 0 0 0 0 0 0 0 0 0 0 0 0 0 0 0 0 0 0 0 0 0 0 0 0 0 0 0 0 0 0 0 0 0 0 0  0 0 0 0 0 0 0 0 0 0 0 0 0 0 0 0 0 0 0 0 0 0 0 0 0 0 0 0 0 0 0 0 0 0 0 0  0 0 0 0 0 0 0 0 0 0 0 0 0 0 0 0 0 0 0 0 0 0 0 0 0 0 0 0 0 0 0 0 0 0 0 0  0 0 0 0 0 0 0 0 0 0 0 0 0 0 0 0 0 0 0 0 0 0 0 0 0 0 0 0 0 0 0 0 0 0 0 0  0 0 0 0 0 0 0 0 0 0 0 0 0 0 0 0 0 0 0 0 0 0 0 0 0 0 0 0 0 0 0 0 0 0 0 0  0 0 0 0 0 0 0 0 0 0 0 0 0 0 0 0 0 0 0 0 0 0 0 0 0 0 0 0 0 0 0 0 0 0 0 0  0 0 0 0 0 0 0 0 0 0 0 0 0 0 0 0 0 0 0 0 0 0 0 0 0 0 0 0 0 0 0 0 0 0 0 0  0 0 0 0 0 0 0 0 0 0 0 0 0 0 0 0 0 0 0 0 0 0 0 0 0 0 0 0 0 0 0 0 0 0 0 0  0 0 0 0 0 0 0 0 0 0 0 0 0 0 0 0 0 0 0 0 0 0 0 0 0 0 0 0 0 0 0 0 0 0 0 0  0 0 0 0 0 0 0 0 0 0 0 0 0 0 0 0 0 0 0 0 0 0 0 0 0 0 0 0 0 0 0 0 0 0 0 0  0 0 0 0 0 0 0 0 0 0 0 0 0 0 0 0 0 0 0 0 0 0 0 0 0 0 0 0 0 0 0 0 0 0 0 0  0 0 0 0 0 0 0 0 0 0 0 0 0 0 0 0 0 0 0 0 0 0 0 0 0 0 0 0 0 0 0 0 0 0 0 0  0 0 0 0 0 0 0 0 0 0 0 0 0 0 0 0 0 0 0 0 0 0 0 0 0 0 0 0 0 0 0 0 0 0 0 0  0 0 0 0 0 0 0 0 0 0 0 0 0 0 0 0 0 0 0 0 0 0 0 0 0 0 0 0 0 0 0 0 0 0 0 0  0 0 0 0 0 0 0 0 0 0 0 0 0 0 0 0 0 0 0 0 0 0 0 0 0 0 0 0 0 0 0 0 0 0 0 0  0 0 0 0 0 0 0 0 0 0 0 0 0 0 0 0 0 0 0 0 0 0 0 0 0 0 0 0 0 0 0 0 0 0 0 0  0 0 0 0 0 0 0 0 0 0 0 0 0 0 0 0 0 0 0 0 0 0 0 0 0 0 0 0 0 0 0 0 0 0 0 0  0 0 0 0 0 0 0 0 0 0 0 0 0 0 0 0 0 0 0 0 0 0 0 0 0 0 0 0 0 0 0 0 0 0 0 0  0 0 0 0 0 0 0 0 0 0 0 0 0 0 0 0 0 0 0 0 0 0 0 0 0 0 0 0 2 0 0 0 0 0 0 0  0 0 0 0 0 0 0 0 0 0 0 0 0 0 0 0 0 0 0 0 0 0 0 0 0 0 0 0 0 0 0 0 0 0 0 0  0 0 0 0 0 0 0 0 0 0 0 0 0 0 0 0 0 0 0 0 0 0 0 0 0 0 0 0 0 0 0 0 0 0 0 0  0 0 0 0 0 0 0 0 0 0 0 0 0 0 0 0 0 0 0 0 0 0 0 0 0 0 0 0 0 0 0 0 0 0 0 0  0 0 0 0 0 0 0 0 0 0 0 0 0 0 0 0 0 0 0 0 0 0 0 0 0 0 0 0 0 0 0 0 0 0 0 0  0 0 0 0 0 0 0 0 0 0 0 0 0 0 0 0 0 0 0 0 0 0 0 0 0 0 0 0 0 0 0 0 0 0 0 0  0 0 0 0 0 0 0 0 0 0 0 0 0 0 0 0 0 0 0 0 0 0 0 0 0 0 0 0 0 0 0 0 0 0 0 0  0 0 0 0 0 0 0 0 0 0 0 0 0 0 0 0 0 0 0 0 0 0 0 0 0 0 0 0 0 0 0 0 0 0 0 0  0 0 0 0 0 0 0 0 0 0 0 0 0 0 0 0 0 0 0 0 0 0 0 0 0 0 0 0 0 0 0 0 0 0 0 0  0 0 0 0 0 0 0 0 0 0 0 0 0 0 0 0 0 0 0 0 0 0 0 0 0 0 0 0 0 0 0 0 0 0 0 0  0 0 0 0 0 0 0 0 0 0 0 0 0 0 0 0 0 0 0 0 0 0 0 0 0 0 0 0 0 0 0 0 0 0 0 0  0 0 0 0 0 0 0 0 0 0 0 0 0 0 0 0 0 0 0 0 0 0 0 0 0 0 0 0 0 0 0 0 0 0 0 0  2 0 0 0 0 0 0 0 0 0 0 0 0 0 0 0 0 0 0 0 0 0 0 0 0 0 0 0 0 0 0 0 0 0 0 0  0 0 0 0 0 0 0 0 0 0 0 0 0 0 0 0 0 0 0 0 0 0 0 0 0 0 0 0 0 0 0 0 0 0 0 0  0 0 0 0 0 0 0 0 0 0 0 0 0 0 0 0 0 0 0 0 0 0 0 0 0 0 0 0 0 0 0 0 0 0 0 0  0 0 0 0 0 0 0 0 0 0 0 0 0 0 0 0 0 0 0 0 0 0 0 0 0 0 0 0 0 0 0 0 0 0 0 0  0 0 0 0 0 0 0 0 0 0 0 0 0 0 0 0 0 0 0 0 0 0 0 0 0 0 0 0 0 0 0 0 0 0 0 0  0 0 0 0 0 0 0 0 0 0 0 0 0 0 0 0 0 0 0 0 0 0 0 0 0 0 0 0 0 0 0 0 0 0 0 0  0 0 0 0 0 0 0 0 0 0 0 0 0 0 0 0 0 0 0 0 0 0 0 0 0 0 0 0 0 0 0 0 0 0 0 0  0 0 0 0 0 0 0 0 0 0 0 0 0 0 0 0 0 0 0 0 0 0 0 0 0 0 0 0 0 0 0 0 0 0 0 0  0 0 0 0 0 0 0 0 0 0 0 0 0 0 0 0 0 0 0 0 0 0 0 0 0 0 0 0 0 0 0 0 0 0 0 0  0 0 0 0 0 0 0 0 0 0 0 0 0 0 0 0 0 0 0 0 0 0 0 0 0 0 0 0 0 0 0 0 0 0 0 0  0 0 0 0 0 0 0 0 0 0 0 0 0 0 0 0 0 0 0 0 0 0 0 0 0 0 0 0 0 0 0 0 0 0 0 0  0 0 0 0 0 0 0 0 0 0 0 0 0 0 0 0 0 0 0 0 0 0 0 0 0 0 0 0 0 0 0 0 0 0 0 0  0 0 0 0 0 0 0 0 0 0 0 0 0 0 0 0 0 0 0 0 0 0 0 0 0 0 0 0 0 0 0 0 0 0 0 0  0 0 0 0 0 0 0 0 0 0 0 0 0 0 0 0 0 0 0 0 0 0 0 0 0 0 0 0 0 0 0 0 0 0 0 0  0 0 0 0 0 0 0 0 0 0 0 0 0 0 0 0 0 0 0 0 0 0 0 0 0 0 0 0 0 0 0 0 0 0 0 0  0 0 0 0 0 0 0 0 0 0 0 0 0 0 0 0 0 0 0 0 0 2 0 0 0 0 0 0 0 0 0 0 0 0 0 0  0 0 0 0 0 0 0 0 0 0 0 0 0 0 0 0 0 0 0 0 0 0 0 0 0 0 0 0 0 0 0 0 0 0 0 0  0 0 0 0 0 0 0 0 0 0 0 0 0 0 0 0 0 0 0 0 0 0 0 0 0 0 0 0 0 0 0 0 0 0 0 0  0 0 0 0 0 0 0 0 0 0 0 0 0 0 0 0 0 0 0 0 0 0 0 0 0 0 0 0 0 0 0 0 0 0 0 0  0 0 0 0 0 0 0 0 0 0 0 0 0 0 0 0 0 0 0 0 0 0 0 0 0 0 0 0 0 0 0 0 0 0 0 0  0 0 0 0 0 0 0 0 0 0 0 0 0 0 0 0 0 0 0 0 0 0 0 0 0 0 0 0 0 0 0 0 0 0 0 0  0 0 0 0 0 0 0 0 0 0 0 0 0 0 0 0 0 0 0 0 0 0 0 0 0 0 0 0 0 0 2 0 0 0 0 0  0 0 0 0 0 0 0 0 0 0 0 0 0 0 0 0 0 0 0 0 0 0 0 0 0 0 0 0 0 0 0 0 0 0 0 2  0 0 0 0 0 0 0 0 0 0 0 0 0 0 0 0 0 0 0 0 0 0 0 0 0 0 0 0 0 0 0 0 0 0 0 0  0 0 0 0 0 0 0 0 0 0 0 0 0 0 0 0 0 0 0 0 0 0 0 0 0 0 0 0 0 0 0 0 0 0 0 0  0 0 0 0 0 0 0 0 0 0 0 0 0 0 0 0 0 0 0 0 0 0 0 0 0 0 0 0 0 0 0 0 0 0 0 0  0 0 0 0 0 0 0 0 0 0 0 0 0 0 0 0 0 0 0 0 0 0 0 0 0 0 0 0 0 0 0 0 0 0 0 0  0 0 0 0 0 0 0 0 0 0 0 0 0 0 0 0 0 0 0 0 0 0 0 0 0 0 0 0 0 0 0 0 0 0 0 0  0 0 0 0 0 0 0 0 0 0 0 0 0 0 0 0 0 0 0 0 0 0 0 0 0 0 0 0 0 0 0 0 0 0 0 0  0 0 0 0 0 0 0 0 0 0 0 0 0 0 0 0 0 0 0 0 0 0 0 0 0 0 0 0 0 0 0 0 0 0 0 0  0 0 0 0 0 0 0 0 2 0 0 0 0 0 0 0 0 0 0 0 0 0 0 0 0 0 0 0 0 0 0 0 0 0 0 0  0 0 0 0 0 0 0 0 0 0 0 0 0 0 0 0 0 0 0 0 0 0 0 0 0 0 0 0 0 0 0 0 0 0 0 0  0 0 0 0 0 0 0 0 0 0 0 0 0 0 0 0 0 0 0 0 0 0 0 0 0 0 0 0 0 0 0 0 0 0 0 0  0 0 0 0 0 0 0 0 0 0 0 0 0 0 0 0 0 0 0 0 0 0 0 0 0 0 0 0 0 0 0 0 0 0 0 0  0 0 0 0 0 0 0 0 0 0 0 0 0 0 0 0 0 0 0 0 0 0 0 0 0 0 0 0 0 0 0 0 0 0 0 0  0 0 0 0 0 0 0 0 0 0 0 0 0 0 0 0 0 0 0 0 0 0 0 0 0 0 0 0 0 0 0 0 0 0 0 0  0 0 0 0 0 0 0 0 0 0 0 0 0 0 0 0 0 0 0 0 0 0 0 0 0 0 0 0 0 0 0 0 0 0 0 0  0 0 0 0 0 0 0 0 0 0 0 0 0 0 0 0 0 0 0 0 0 0 0 0 0 0 0 0 0 0 0 0 0 0 0 0  0 0 0 0 0 0 0 0 0 0 0 0 0 0 0 0 0 0 0 0 0 0 0 0 0 0 0 0 0 0 0 0 0 0 0 0  0 0 0 0 0 0 0 0 0 0 0 2 0 0 0 0 0 0 0 0 0 0 0 0 0 0 0 0 0 0 0 0 0 0 0 0  0 0 0 0 2 0 0 0 0 0 0 0 0 0 0 0 0 0 0 0 0 0 0 0 0 0 0 0 0 0 0 0 0 0 0 0  0 0 0 0 0 0 0 0 0 0 0 0 0 0 0 0 0 0 0 0 0 0 0 0 0 0 0 0 0 0 0 0 0 0 0 0  0 0 0 0 0 0 0 0 0 0 0 0 0 0 0 0 0 0 0 0 0 0 0 0 0 0 0 0 0 0 0 0 0 0 0 0  0 0 0 0 0 0 0 0 0 0 0 0 0 0 0 0 0 0 0 0 0 0 0 0 0 0 0 0 0 0 0 0 0 0 0 0  0 0 0 0 0 0 0 0 0 0 0 0 0 0 0 0 0 0 0 0 0 0 0 0 0 0 0 0 0 0 0 0 0 0 0 0  0 0 0 0 0 0 0 0 0 0 0 0 0 0 0 0 0 0 0 0 0 0 0 0 0 0 0 0 0 0 0 0 0 0 0 0  0 0 0 0 0 0 0 0 0 0 0 0 0 0 0 0 0 0 0 0 0 0 0 0 0 0 0 0 0 0 0 0 0 0 0 0  0 0 0 0 0 0 0 0 0 0 0 0 0 0 0 0 0 0 0 0 0 0 0 0 0 0 0 0 0 0 0 0 0 0 0 0  0 0 0 0 0 0 0 0 0 0 0 0 0 0 0 0 0 0 0 0 0 0 0 0 0 0 0 0 0 0 0 0 0 0 0 0  0 0 0 0 0 0 0 0 0 0 0 0 0 0 0 0 0 0 0 0 0 0 0 0 0 0 0 0 0 0 0 0 0 0 0 0  0 0 0 0 0 0 0 0 0 0 0 0 0 0 0 0 0 0 0 0 0 0 0 0 0 0 0 0 0 0 0 0 0 0 0 0  0 0 0 0 0 0 0 0 0 0 0 0 0 0 0 0 0 0 0 0 0 0 0 0 0 0 0 0 0 0 0 0 0 0 0 0  0 0 0 0 0 0 0 0 0 0 0 0 0 0 0 0 0 0 0 0 0 0 0 0 0 0 0 0 0 0 0 0 0 0 0 0  0 0 0 0 0 0 0 0 0 0 0 0 0 0 0 0 0 0 0 0 0 0 0 0 0 0 0 0 0 0 0 0 0 0 0 0  0 0 0 0 0 0 0 0 0 0 0 0 0 0 0 0 0 0 0 0 0 0 0 0 0 0 0 0 0 0 0 0 0 0 0 0  0 0 0 0 0 0 0 0 0 0 0 0 0 0 0 0 0 0 0 0 0 0 0 0 0 0 0 0 0 0 0 0 0 0 0 0  0 0 0 0 0 0 0 0 0 0 0 0 0 0 0 0 0 0 0 0 0 0 0 0 0 0 0 0 0 0 0 0 0 0 0 0  0 0 0 0 0 0 0 0 0 0 0 0 0 0 0 0 0 0 0 0 0 0 0 0 0 0 0 0 0 0 0 0 0 0 0 0  0 0 0 0 0 0 0 0 0 0 0 0 0 0 0 0 0 0 0 0 0 0 0 0 0 0 0 0 0 0 0 0 0 0 0 0  0 0 0 0 0 0 0 0 0 0 0 0 0 0 0 0 0 0 0 0 0 0 0 0 0 0 0 0 0 0 0 0 0 0 0 0  0 0 0 0 0 0 0 0 0 0 0 0 0 0 0 0 0 0 0 0 0 0 0 0 2 0 0 0 0 0 0 0 0 0 0 0  0 0 0 0 0 0 0 0 0 0 0 0 0 0 0 0 0 0 0 0 0 0 0 0 0 0 0 0 0 0 0 0 0 0 0 0  0 0 0 0 0 0 0 0 0 0 0 0 0 0 0 0 0 0 0 0 0 0 0 0 0 0 0 0 0 0 0 0 0 0 0 0  0 0 0 0 0 0 0 0 0 0 0 0 0 0 0 0 0 0 0 0 0 0 0 0 0 0 0 0 0 0 0 0 0 0 0 0  0 0 0 0 0 0 0 0 0 0 0 0 0 0 0 0 0 0 0 0 0 0 0 0 0 0 0 0 0 0 0 0 0 0 0 0  0 0 0 0 0 0 0 0 0 0 0 0 0 0 0 0 0 0 0 0 0 0 0 0 0 0 0 0 0 0 0 0 0 0 0 0  0 0 0 0 0 0 0 0 0 0 0 0 0 0 0 0 0 0 0 0 0 0 0 0 0 0 0 0 0 0 0 0 0 0 0 0  0 0 0 0 0 0 0 0 0 0 0 0 0 0 0 0 0 0 0 0 0 0 0 0 0 0 0 0 0 0 0 0 0 0 0 0  0 0 0 0 0 0 0 0 0 0 0 0 0 0 0 2 0 0 0 0 0 0 0 0 0 0 0 0 0 0 0 0 0 0 0 0  0 0 0 0 0 0 0 0 0 0 0 0 0 0 0 0 0 0 0 0 0 0 0 0 0 0 0 0 0 0 0 0 0 0 0 0  0 0 0 0 0 0 0 0 0 0 0 0 0 0 0 0 0 0 0 0 0 0 0 0 0 0 0 0 0 0 0 0 0 0 0 0  0 0 0 0 0 0 0 0 0 0 0 0 0 0 0 0 0 0 0 0 0 0 0 0 0 0 0 0 0 0 0 0 0 0 0 0  0 0 0 0 0 0 0 0 0 0 0 0 0 0 0 0 0 0 0 0 0 0 0 0 0 0 0 0 0 0 0 0 0 0 0 0  0 0 0 0 0 0 0 0 0 0 0 0 0 0 0 0 0 0 0 0 0 0 0 0 0 0 0 0 0 0 0 0 0 0 0 0  0 0 0 0 0 0 0 0 0 0 0 0 0 0 0 0 0 0 0 0 0 0 0 0 0 0 0 0 0 0 0 0 0 0 0 0  0 0 0 0 0 0 0 0 0 0 0 0 0 0 0 0 0 0 0 0 0 0 0 0 0 0 0 0 0 0 0 0 0 0 0 0  0 0 0 0 0 0 0 0 0 0 0 0 0 0 0 0 0 0 0 0 0 0 0 0 0 0 0 0 0 0 0 0 0 0 0 0  0 0 0 0 0 0 0 0 0 0 0 0 0 0 0 0 0 0 0 0 0 0 0 0 0 0 0 0 0 0 0 0 0 0 0 0  0 0 0 0 0 0 0 0 0 0 0 0 0 0 0 0 0 0 0 0 0 0 0 0 0 0 0 0 0 0 0 0 0 0 0 0  0 0 0 0 0 0 0 0 0 0 0 0 0 0 0 0 0 0 0 0 0 0 0 0 0 0 0 0 0 0 0 0 0 0 0 0  0 0 0 0 0 0 0 0 0 0 0 0 0 0 0 0 0 0 0 0 0 0 0 0 0 0 0 0 0 0 0 0 0 0 0 0  0 0 0 0 0 0 0 0 0 0 0 0 0 0 0 0 0 0 0 0 0 0 0 0 0 0 0 0 0 0 0 0 0 0 0 0  0 0 0 0 0 0 0 0 0 0 0 0 0 0 0 0 0 0 0 0 0 0 0 0 0 0 0 0 0 0 0 0 0 0 0 0  0 0 0 0 0 0 0 0 0 0 0 0 0 0 0 0 0 0 0 0 0 0 0 0 0 0 0 0 0 0 0 0 0 0 0 0  0 0 0 0 0 0 0 0 0 0 0 0 0 0 0 0 0 0 0 0 0 0 0 0 0 0 0 0 0 0 0 0 0 0 0 0  0 0 0 0 0 0 0 0 0 0 0 0 0 0 0 0 0 0 0 0 0 0 0 0 0 0 0 0 0 0 0 0 0 0 0 0  0 0 0 0 0 0 0 0 0 0 0 0 0 0 0 0 0 0 0 0 0 0 0 0 0 0 0 0 0 0 0 0 0 0 0 0  0 0 0 0 0 0 0 0 0 0 0 0 0 0 0 0 0 0 0 0 0 0 0 0 0 0 0 0 0 0 0 0 0 0 0 0  0 0 0 0 0 0 0 0 0 0 0 0 0 0 0 0 0 0 0 0 0 0 0 0 0 0 0 0 0 0 0 0 0 0 0 0  0 0 0 0 0 0 0 0 0 0 0 0 0 0 0 0 0 0 0 0 0 0 0 0 0 0 0 0 0 0 0 0 0 0 0 0  0 0 0 0 0 0 0 0 0 0 0 0 0 0 0 0 0 0 0 0 0 0 0 0 0 0 0 0 0 0 0 0 0 0 0 0  0 0 0 0 0 0 0 0 0 0 0 0 0 0 0 0 0 0 0 0 0 0 0 0 0 0 0 0 0 0 0 0 0 0 0 0  0 0 0 0 0 0 0 0 0 0 0 0 0 0 0 0 0 0 0 0 0 0 0 0 0 0 0 0 0 0 0 0 2 0 0 0  0 0 0 0 0 0 0 0 0 0 0 0 0 0 0 0 0 0 0 0 0 0 0 0 0 0 0 0 0 0 0 0 0 0 0 0  0 0 0 0 0 0 0 0 0 0 0 0 0 0 0 0 0 0 0 0 0 0 0 0 0 0 0 0 0 0 0 0 0 0 0 0  0 0 0 0 0 0 0 0 0 0 0 0 0 0 0 0 0 0 0 0 0 0 0 0 0 0 0 0 0 0 0 0 0 0 0 0  0 0 0 0 0 0 0 0 0 0 0 0 0 0 0 0 0 0 0 0 0 0 0 0 0 0 0 0 0 0 0 0 0 0 0 0  0 0 0 0 0 0 0 0 0 0 0 0 0 0 0 0 0 0 0 0 0 0 0 0 0 0 0 0 0 0 0 0 0 0 0 0  0 0 0 0 0 0 0 0 0 0 0 0 0 0 0 0 0 0 0 0 0 0 0 0 0 0 0 0 0 0 0 0 0 0 0 0  0 0 0 0 0 0 0 0 0 0 0 0 0 0 0 0 0 0 0 0 0 0 0 0 0 0 0 0 0 0 0 0 0 0 0 0  0 0 0 0 0 0 0 0 0 0 0 0 0 0 0 0 0 0 0 0 0 0 0 0 0 0 0 0 0 0 0 0 0 0 0 0  0 0 0 0 0 0 0 2 0 0 0 0 0 0 0 0 0 0 0 0 0 0 0 0 0 0 0 0 0 0 0 0 0 0 0 0
 3  3  3  3  3  3  3  3  3  3  3  3  3  3  3  3  3  3  3  2  2  2  2  2   4  4  4  4  4  4  4  4  4  4  4  4  4  4  4  4  4  1  1  1  1  1  1  1   1  1  1  1  1  1  1  1  1  1  1  1  1  1  1  0  0  0  0  0  0  0  0  0   0  0  0  0  0  0  0  0  0  0  0  0  0  0  0  0  0  0  3  3  3  3  3  3   3  3  3  3  3  3  3  3  3  3  2  2  2  2  2  2  2  2  4  4  4  4  4  4   4  4  4  4  4  4  4  4  4  4  1  1  1  1  1  1  1  1  1  1  1  1  1  1   1  1  1  1  1  1  1  0  0  0  0  0  0  0  0  0  0  0  0  0  0  0  0  0   0  0  0  0  0  0  0  0  0  0  0  0  3  3  3  3  3  3  3  3  3  3  3  3   3  3  2  2  2  2  2  2  2  2  2  2  4  4  4  4  4  4  4  4  4  4  4  4   4  4  4  1  1  1  1  1  1  1  1  1  1  1  1  1  1  1  1  1  1  1  1  1   0  0  0  0  0  0  0  0  0  0  0  0  0  0  0  0  0  0  0  0  0  0  0  0   0  0  0  0  0  0  3  3  3  3  3  3  3  3  3  3  3  3  3  2  2  2  2  2   2  2  2  2  2  2  4  4  4  4  4  4  4  4  4  4  4  4  4  4  4  1  1  1   1  1  1  1  1  1  1  1  1  1  1  1  1  1  1  1  0  0  0  0  0  0  0  0   0  0  0  0  0  0  0  0  0  0  0  0  0  0  0  0  0  0  0  0  0  0  0  0   3  3  3  3  3  3  3  3  3  3  3  3  3  2  2  2  2  2  2  2  2  2  2  2   4  4  4  4  4  4  4  4  4  4  4  4  4  4  4  4  1  1  1  1  1  1  1  1   1  1  1  1  1  1  1  1  1  1  1  0  0  0  0  0  0  0  0  0  0  0  0  0   0  0  0  0  0  0  0  0  0  0  0  0  0  0  0  0  0  0  3  3  3  3  3  3   3  3  3  3  3  3  2  2  2  2  2  2  2  2  2  2  2  2  4  4  4  4  4  4   4  4  4  4  4  4  4  4  4  4  1  1  1  1  1  1  1  1  1  1  1  1  1  1   1  1  1  1  1  0  0  0  0  0  0  0  0  0  0  0  0  0  0  0  0  0  0  0   0  0  0  0  0  0  0  0  0  0  0  0  3  3  3  3  3  3  3  3  3  3  3  3   2  2  2  2  2  2  2  2  2  2  2  2  4  4  4  4  4  4  4  4  4  4  4  4   4  4  4  1  1  1  1  1  1  1  1  1  1  1  1  1  1  1  1  1  1  1  0  0   0  0  0  0  0  0  0  0  0  0  0  0  0  0  0  0  0  0  0  0  0  0  0  0   0  0  0  0  0  0  3  3  3  3  3  3  3  3  3  3  3  2  2  2  2  2  2  2   2  2  2  2  2  2  4  4  4  4  4  4  4  4  4  4  4  4  4  4  4  1  1  1   1  1  1  1  1  1  1  1  1  1  1  1  1  1  1  1  0  0  0  0  0  0  0  0   0  0  0  0  0  0  0  0  0  0  0  0  0  0  0  0  0  0  0  0  0  0  0  0   3  3  3  3  3  3  3  3  3  3  3  2  2  2  2  2  2  2  2  2  2  2  2  2   4  4  4  4  4  4  4  4  4  4  4  4  4  4  4  1  1  1  1  1  1  1  1  1   1  1  1  1  1  1  1  1  1  0  0  0  0  0  0  0  0  0  0  0  0  0  0  0   0  0  0  0  0  0  0  0  0  0  0  0  0  0  0  0  0  0  3  3  3  3  3  3   3  3  3  3  3  2  2  2  2  2  2  2  2  2  2  2  2  2  4  4  4  4  4  4   4  4  4  4  4  4  4  4  4  1  1  1  1  1  1  1  1  1  1  1  1  1  1  1   1  1  1  0  0  0  0  0  0  0  0  0  0  0  0  0  0  0  0  0  0  0  0  0   0  0  0  0  0  0  0  0  0  0  0  0  3  3  3  3  3  3  3  3  3  3  3  3   2  2  2  2  2  2  2  2  2  2  2  2  2  4  4  4  4  4  4  4  4  4  4  4   4  4  4  1  1  1  1  1  1  1  1  1  1  1  1  1  1  1  1  1  0  0  0  0   0  0  0  0  0  0  0  0  0  0  0  0  0  0  0  0  0  0  0  0  0  0  0  0   0  0  0  0  0  0  3  3  3  3  3  3  3  3  3  3  3  2  2  2  2  2  2  2   2  2  2  2  2  2  2  4  4  4  4  4  4  4  4  4  4  4  4  4  4  4  4  1   1  1  1  1  1  1  1  1  1  1  1  1  1  1  1  0  0  0  0  0  0  0  0  0   0  5  5  0  0  0  0  0  0  0  0  0  0  0  0  5  5  0  0  0  0  0  0  0   3  3  3  3  3  3  3  3  3  3  3  2  2  2  2  2  2  2  2  2  2  2  2  2   2  4  4  4  4  4  4  4  4  4  4  4  4  4  4  4  4  4  4  1  1  1  1  1   1  1  1  1  1  1  1  1  1  0  0  0  0  0  0  0  0  0  0  5  5  0  5  5   0  5  5  5  5  5  5  5  5  5  5  5  5  0  0  0  0  0  3  3  3  3  3  3   3  3  3  3  3  3  2  2  2  2  2  2  2  2  2  2  2  2  2  4  4  4  4  4   4  4  4  4  4  4  4  4  4  4  4  4  4  1  1  1  1  1  1  1  1  1  1  1   1  1  1  1  5  0  0  0  0  0  5  5  5  5  5  5  5  5  5  5  5  5  5  5   5  5  5  5  5  5  5  5  0  0  0  0  3  3  3  3  3  3  3  3  3  3  3  3   2  2  2  2  2  2  2  2  2  2  2  2  2  4  4  4  4  4  4  4  4  4  4  4   4  4  4  4  4  4  4  1  1  1  1  1  1  1  1  1  1  1  1  1  1  5  5  5   5  5  5  5  5  5  5  5  5  5  5  5  5  5  5  5  5  5  5  5  5  5  5  5   5  5  5  5  0  0  3  3  3  3  3  3  3  3  3  3  3  3  2  2  2  2  2  2   2  2  2  2  2  2  2  4  4  4  4  4  4  4  4  4  4  4  4  4  4  4  4  4   4  1  1  1  1  1  1  1  1  1  1  1  1  1  1  5  5  5  5  5  5  5  5  5   5  5  5  5  5  5  5  5  5  5  5  5  5  5  5  5  5  5  5  5  5  5  0  0   3  3  3  3  3  3  3  3  3  3  3  3  2  2  2  2  2  2  2  2  2  2  2  2   4  4  4  4  4  4  4  4  4  4  4  4  4  4  4  4  4  4  4  1  1  1  1  1   1  1  1  1  1  1  1  1  1  5  5  5  5  5  5  5  5  5  5  5  5  5  5  5   5  5  5  5  5  5  5  5  5  5  5  5  5  5  5  5  0  0  3  3  3  3  3  3   3  3  3  3  3  3  2  2  2  2  2  2  2  2  2  2  2  2  2  4  4  4  4  4   4  4  4  4  4  4  4  4  4  4  4  4  4  1  1  1  1  1  1  1  1  1  1  1   1  1  5  5  5  5  5  5  5  5  5  6  6  6  5  5  5  5  5  5  5  5  5  5   5  5  5  5  5  5  5  5  5  5  5  0  3  3  3  3  3  3  3  3  3  3  3  3   2  2  2  2  2  2  2  2  2  2  2  2  2  4  4  4  4  4  4  4  4  4  4  4   4  4  4  4  4  4  1  1  1  1  1  1  1  1  1  1  1  1  1  1  5  5  5  5   5  5  5  5  5  5  6  6  6  6  5  5  5  5  5  5  5  5  5  5  5  5  5  5   5  5  5  5  5  5  3  3  3  3  3  3  3  3  3  3  3  3  2  2  2  2  2  2   2  2  2  2  2  2  2  4  4  4  4  4  4  4  4  4  4  4  4  4  4  4  4  4   1  1  1  1  1  1  1  1  1  1  1  1  1  1  5  5  5  5  5  5  5  5  5  5   6  6  6  6  5  5  5  5  5  5  5  5  5  5  5  5  5  5  5  5  5  5  5  5   3  3  3  3  3  3  3  3  3  3  3  3  3  2  2  2  2  2  2  2  2  2  2  2   2  4  4  4  4  4  4  4  4  4  4  4  4  4  4  4  4  1  1  1  1  1  1  1   1  1  1  1  1  1  6  6  6  6  5  5  5  5  5  5  5  5  6  6  6  6  6  5   5  5  5  5  5  5  5  5  5  5  5  5  5  5  5  5  5  5  3  3  3  3  3  3   3  3  3  3  3  3  3  3  3  2  2  2  2  2  2  2  2  2  2  2  2  4  4  4   4  4  4  4  4  4  4  4  4  4  4  1  1  1  1  1  1  1  6  6  6  6  6  6   6  6  6  6  6  6  5  5  5  5  5  6  6  6  6  6  6  5  5  5  5  5  5  5   5  5  5  5  5  5  5  5  5  5  5  5  3  3  3  3  3  3  3  3  3  3  3  3   3  3  7  7  7  7  7  2  2  2  2  2  2  2  2  4  4  4  4  4  4  4  4  4   4  4  4  4  1  1  1  1  1  1  1  6  6  6  6  6  6  6  6  6  6  6  6  6   6  5  5  5  5  6  6  6  6  6  6  6  5  5  5  5  5  5  5  5  5  5  5  5   5  5  5  5  5  5  3  3  3  3  3  3  3  3  3  7  7  7  7  7  7  7  7  7   7  2  2  2  2  2  2  2  2  2  4  4  4  4  4  4  4  4  4  4  4  4  1  1   1  1  1  1  6  6  6  6  6  6  6  6  6  6  6  6  6  6  6  6  6  6  6  6   6  6  6  6  6  6  5  5  5  5  5  5  5  5  5  5  5  5  5  5  5  5  5  5   3  3  3  3  3  3  7  7  7  7  7  7  7  7  7  7  7  7  7  2  2  2  2  2   2  2  2  2  2  2  4  4  4  4  4  4  4  4  4  1  1  1  1  1  1  1  6  6   6  6  6  6  6  6  6  6  6  6  6  6  6  6  6  6  6  6  6  6  6  6  6  6   5  5  5  5  5  5  5  5  5  5  5  5  5  5  5  5  5  5  3  3  3  3  3  3   7  7  7  7  7  7  7  7  7  7  7  7  7  7  2  2  2  2  2  2  2  2  2  2   2  4  4  4  4  4  4  4  4  1  1  1  1  1  1  6  6  6  6  6  6  6  6  6   6  6  6  6  6  6  6  6  6  6  6  6  6  6  6  6  6  6  6  5  5  5  5  5   5  5  5  5  5  5  5  5  5  5  5  5  3  3  3  3  7  7  7  7  7  7  7  7   7  7  7  7  7  7  7  7  2  2  2  2  2  2  2  2  2  2  2  2  4  4  4  4   4  4  1  1  1  1  1  1  1  6  6  6  6  6  6  6  6  6  6  6  6  6  6  6   6  6  6  6  6  6  6  6  6  6  6  6  6  6  5  5  5  5  5  5  5  5  5  5   5  5  5  5  5 11  3  3  3  3  7  7  7  7  7  7  7  7  7  7  7  7  7  7   7  7  2  2  2  2  2  2  2  2  2  2  2  2  2  2  2  2  2  2  1  1  1  1   1  1  6  6  6  6  6  6  6  6  6  6  6  6  6  6  6  6  6  6  6  6  6  6   6  6  6  6  6  6  6  6  5  5  5  5  5  5  5  5  5  5  5  5  5  5 11 11   3  3  3  7  7  7  7  7  7  7  7  7  7  7  7  7  7  7  7  7  2  9  2  2   9  2  2  2  2  2  2  2  2  2  2  2  2  2  2  1  1  1  1  1  6  6  6  6   6  6  6  6  6  6  6  6  6  6  6  6  6  6  6  6  6  6  6  6  6  6  6  6   6  6  6  5  5  5  5  5  5  5  5  5  5 11 11 11 11 11  3  3  3  7  7  7   7  7  7  7  7  7  7  7  7  7  7  7  7  7  9  9  9  9  9  9  9  2  2  2   2  2  2  2  2  2  2  2  2  2  2  1  2  2  6  6  6  6  6  6  6  6  6  6   6  6  6  6  6  6  6  6  6  6  6  6  6  6  6  6  6  6  6  6  6  5  5  5   5  5  5  5  5 11 11 11 11 11 11 11  3  3  3  3  7  7  7  7  7  7  7  7   7  7  7  7  7  7  7  7  9  9  9  9  9  9  9  9  9  9  2  2  2  2  2  2   2  2  2  2  2  2  2  2 10  6  6  6  6  6  6  6  6  6  6  6  6  6  6  6   6  6  6  6  6  6  6  6  6  6  6  6  6  6  6  6  5  5  5  5  5  5 11 11  11 11 11 11 11 11  3  3  3  3  7  7  7  7  7  7  7  7  7  7  7  7  7  7   9  9  9  9  9  9  9  9  9  9  9  9  9  9  2  2  2  2  2  2  2  2  2  2   2 10 10  6  6  6  6  6  6  6  6  6  6  6  6  6  6  6  6  6  6  6  6  6   6  6  6  6  6  6  6  6  6  6 11 11 11 11 11 11 11 11 11 11 11 11 11 11   3  3  3  3  7  7  7  7  7  7  7  7  7  7  7  7  7  9  9  9  9  9  9  9   9  9  9  9  9  9  9  9  2  2  2  2  2  2  2  2  2 10 10 10 10 10  6  6   6  6  6  6  6  6  6  6  6  6  6  6  6  6  6  6  6  6  6  6  6  6  6  6   6  6  6  6 11 11 11 11 11 11 11 11 11 11 11 11 11 11  3  3  3  3  7  7   7  7  7  7  7  7  7  7  7  7  7  9  9  9  9  9  9  9  9  9  9  9  9  9   9  9  9  9 12  2  2  2 12  2  2 10 10 10 10 10 10  6  6  6  6  6  6  6   6  6  6  6  6  6  6  6  6  6  6  6  6  6  6  8  6  8  6  6  6  8 11 11  11 11 11 11 11 11 11 11 11 11 11 11  3  3  3  3  3  7  7  7  7  7  7  7   7  7  7  9  9  9  9  9  9  9  9  9  9  9  9  9  9  9  9  9  9 12 12 12  12 12 12 12 12 10 10 10 10 10 10 10  6  6  6  6  6  6  6  6  6  6  6  6   6  8  8  8  8  8  8  8  8  8  8  8  8  8  8  8  8 11 11 11 11 11 11 11  11 11 11 11 11 11  3  3  3  3  3  7  7  7  7  7  7  7  7  9  7  9  9  9   9  9  9  9  9  9  9  9  9  9  9  9  9 12 12 12 12 12 12 12 12 12 12 10  10 10 10 10 10 10 10 10  6  6  6  6  6  6  6  6  6  8  8  8  8  8  8  8   8  8  8  8  8  8  8  8  8  8  8  8  8 11 11 11 11 11 11 11 11 11 11 11   3  3  3  3  3  3  7  7  7  7  7  7  7  9  9  9  9  9  9  9  9  9  9  9   9  9  9  9  9  9  9 12 12 12 12 12 12 12 12 12 10 10 10 10 10 10 10 10  10 10 10 10 10  6  6  6  6  8  8  8  8  8  8  8  8  8  8  8  8  8  8  8   8  8  8  8  8  8  8 11 11 11 11 11 11 11 11 11 11 11  3  3  3  3  3  3   7  7  7  7  7  7  9  9  9  9  9  9  9  9  9  9  9  9  9  9  9  9  9 12  12 12 12 12 12 12 12 12 12 12 12 12 10 10 10 10 10 10 10 10 10 10 10 10  10  6  6  8  8  8  8  8  8  8  8  8  8  8  8  8  8  8  8  8  8  8  8  8  11 11 11 11 11 11 11 11 11 11 11 11  3  3  3  3  3  3  7  7  7  7  7  9   9  9  9  9  9  9  9  9  9  9  9  9  9  9  9 12 12 12 12 12 12 12 12 12  12 12 12 12 12 10 10 10 10 10 10 10 10 10 10 10 10 10 10 10  8  8  8  8   8  8  8  8  8  8  8  8  8  8  8  8  8  8  8  8  8  8  8  8 11 11 11 11  11 11 11 11 11 11  3  3  3  3  3  7  7  7  7  7  9  9  9  9  9  9  9  9   9  9  9  9  9  9  9  9  9 12 12 12 12 12 12 12 12 12 12 12 12 12 12 10  10 10 10 10 10 10 10 10 10 10 10 10 10 10  8  8  8  8  8  8  8  8  8  8   8  8  8  8  8  8  8  8  8  8  8  8  8  8 11 11 11 11 11 11 11 11 11 11   3  3  3  3  3  7  7  7  7  9  9  9  9  9  9  9  9  9  9  9  9  9  9  9   9  9  9  9 12 12 12 12 12 12 12 12 12 12 12 12 12 10 10 10 10 10 10 10  10 10 10 10 10 10 10  8  8  8  8  8  8  8  8  8  8  8  8  8  8  8  8  8   8  8  8  8  8  8  8  8 11 11 11 11 11 11 11 11 11 11  3  3  3  3  3  3   7  7  9  9  9  9  9  9  9  9  9  9  9  9  9  9  9  9  9  9 12 12 12 12  12 12 12 12 12 12 12 12 12 12 12 10 10 10 10 10 10 10 10 10 10 10 10 10  10 10  8  8  8  8  8  8  8  8  8  8  8  8  8  8  8  8  8  8  8  8  8 11   8 11 11 11 11 11 11 11 11 11 11 11  3  3  3  3  7  7  7  7  9  9  9  9   9  9  9  9  9  9  9  9  9  9  9  9  9  9 12 12 12 12 12 12 12 12 12 12  12 12 12 12 12 10 10 10 10 10 10 10 10 10 10 10 10 10 10 10  8  8  8  8   8  8  8  8  8  8  8  8  8  8  8  8  8  8  8  8  8 11 11 11 11 11 11 11  11 11 11 11 11 11  3  3  3  3  7  7  7  9  9  9  9  9  9  9  9  9  9  9   9  9  9  9  9  9  9  9 12 12 12 12 12 12 12 12 12 12 12 12 12 12 10 10  10 10 10 10 10 10 10 10 10 10 10 10 10  8  8  8  8  8  8  8  8  8  8  8   8  8  8  8  8  8  8  8  8  8  8  8 11 11 11 11 11 11 11 11 11 11 11 11   3  3  3  7  7  7  7  9  9  9  9  9  9  9  9  9  9  9  9  9  9  9  9  9   9  9 12 12 12 12 12 12 12 12 12 12 12 12 12 12 10 10 10 10 10 10 10 10  10 10 10 10 10 10 10 10  8  8  8  8  8  8  8  8  8  8  8  8  8  8  8  8   8  8  8  8  8 11 11 11 11 11 11 11 11 11 11 11 11 11  3  3  3  7  7  7   7  9  9  9  9  9  9  9  9  9  9  9  9  9  9  9  9  9  9 12 12 12 12 12  12 12 12 12 12 12 12 12 12 12 10 10 10 10 10 10 10 10 10 10 10 10 10 10  10  8  8  8  8  8  8  8  8  8  8  8  8  8  8  8  8  8  8  8  8  8  8  8  11 11 11 11 11 11 11 11 11 11 11 11  3  3  7  7  7  7  7  9  9  9  9  9   9  9  9  9  9  9  9  9  9  9  9  9  9  9 12 12 12 12 12 12 12 12 12 12  12 12 12 12 10 10 10 10 10 10 10 10 10 10 10 10 10 10 10 10  8  8  8  8   8  8  8  8  8  8  8  8  8  8  8  8  8  8  8  8  8 11 11 11 11 11 11 11  11 11 11 11 11 11  3  7  7  7  7  7  7  9  9  9  9  9  9  9  9  9  9  9   9  9  9  9  9  9  9 12 12 12 12 12 12 12 12 12 12 12 12 12 12 10 10 10  10 10 10 10 10 10 10 10 10 10 10 10 10 10 10  8  8  8  8  8  8  8  8  8   8  8  8  8  8  8  8  8  8  8 11 11 11 11 11 11 11 11 11 11 11 11 11 11   7  7  7  7  7  7  9  9  9  9  9  9  9  9  9  9  9  9  9  9  9  9  9  9  12 12 12 12 12 12 12 12 12 12 12 12 12 12 12 12 10 10 10 10 10 10 10 10  10 10 10 10 10 10 10 10 10  8  8  8  8  8  8  8  8  8  8  8  8  8  8  8   8  8  8 11 11 11 11 11 11 11 11 11 11 11 11 11 11 11  7  7  7  7  7  7   9  9  9  9  9  9  9  9  9  9  9  9  9  9  9  9  9  9 12 12 12 12 12 12  12 12 12 12 12 12 12 12 12 10 10 10 10 10 10 10 10 10 10 10 10 10 10 10  10 10 10 10  8  8  8  8  8  8  8  8  8  8  8  8  8  8  8  8  8 11 11 11  11 11 11 11 11 11 11 11 11 11 11 11  7  7  7  7  7  7  9  9  9  9  9  9   9  9  9  9  9  9  9  9  9  9  9 12 12 12 12 12 12 12 12 12 12 12 12 12  12 12 12 10 10 10 10 10 10 10 10 10 10 10 10 10 10 10 10 10 10 10 10 10   8  8  8  8  8  8  8  8  8  8  8  8  8  8  8 11 11 11 11 11 11 11 11 11  11 11 11 11 11 11  7  7  7  7  7  7  9  9  9  9  9  9  9  9  9  9  9  9   9  9  9  9  9 12 12 12 12 12 12 12 12 12 12 12 12 12 12 12 12 10 10 10  10 10 10 10 10 10 10 10 10 10 10 10 10 10 10 10 10 10 10  8  8  8  8  8   8  8  8  8  8  8  8  8 11 11 11 11 11 11 11 11 11 11 11 11 11 11 11 11   7  7  7  7  7  7  9  9  9 15 15 15 15  9  9  9  9  9  9  9  9  9 13 13  12 12 12 12 12 12 12 12 12 12 12 12 12 12 10 10 10 10 10 10 10 10 10 10  10 10 10 10 10 10 10 10 10 10 10 10 10 10  8  8  8  8  8  8  8  8  8  8   8 11 11 11 11 11 11 11 11 11 11 11 11 11 11 11 11 14  7  7  7  7  7  7   9 15 15 15 15 15 15 15 15 15  9  9  9  9  9 13 13 13 12 12 12 12 12 12  12 12 12 12 12 12 12 12 10 10 10 10 10 10 10 10 10 10 10 10 10 10 10 10  10 10 10 10 10 10 10 10 10  8  8  8  8  8  8  8  8  8 11 11 11 11 11 11  11 11 11 11 11 11 11 11 11 11 14 14  7  7  7  7  7  7  7 15 15 15 15 15  15 15 15 15 15  9 13 13 13 13 13 13 12 12 12 12 12 12 12 12 12 12 12 12  12 12 10 10 10 10 10 10 10 10 10 10 10 10 10 10 10 10 16 16 10 10 10 10  10 10 10 10 10  8  8  8  8  8  8  8  8 11 11 11 11 11 11 11 11 11 11 11  11 11 11 11 11 14  7  7  7  7  7  7 15 15 15 15 15 15 15 15 15 15 13 13  13 13 13 13 13 13 13 13 12 12 12 12 12 12 12 12 12 12 12 12 10 10 10 10  10 10 10 10 10 10 10 10 10 10 16 16 16 16 16 10 10 10 10 10 10 10 10  8   8  8  8  8  8  8 11 11 11 11 11 11 11 11 11 11 11 11 11 11 11 11 11 14   7  7  7  7  7  7 15 15 15 15 15 15 15 15 15 15 13 13 13 13 13 13 13 13  13 13 13 12 12 12 12 12 12 12 12 12 12 12 12 10 10 10 10 10 10 10 10 16  10 16 16 16 16 16 16 16 16 16 16 16 16 10 16 10 10 10 10  8  8 16 16 14  11 11 11 11 11 11 11 11 11 11 11 11 11 11 11 11 14 14  7  7  7  7  7  7  15 15 15 15 15 15 15 15 15 15 15 13 13 13 13 13 13 13 13 13 13 12 12 12  12 12 12 12 12 12 12 12 12 12 10 10 10 10 10 10 16 16 16 16 16 16 16 16  16 16 16 16 16 16 16 16 16 16 16 16 16 16 16 16 14 14 11 11 14 14 14 11  11 11 11 11 11 11 11 11 11 11 14 14  7  7  7  7  7  7 15 15 15 15 15 15  15 15 15 15 15 13 15 13 13 13 13 13 13 13 13 13 12 12 12 12 12 12 12 12  12 12 12 12 12 12 12 12 12 12 16 16 16 16 16 16 16 16 16 16 16 16 16 16  16 16 16 16 16 16 16 16 16 16 14 14 14 14 14 14 14 11 11 11 11 11 11 11  11 11 11 11 14 14  7  7  7  7  7  7 15 15 15 15 15 15 15 15 15 15 15 15  15 15 13 13 13 13 13 13 13 13 13 12 12 12 12 12 12 12 12 12 12 12 12 12  12 12 12 12 16 16 16 16 16 16 16 16 16 16 17 16 16 16 16 16 16 16 16 16  16 16 16 16 14 14 14 14 14 14 14 14 14 11 11 11 11 11 11 11 11 14 14 14   7  7  7  7  7 15 15 15 15 15 15 15 15 15 15 15 15 15 15 15 13 13 13 13  13 13 13 13 13 13 12 12 12 12 12 12 12 12 12 12 12 12 12 12 16 16 16 16  16 16 16 16 16 16 16 16 17 17 16 17 17 16 16 16 16 16 16 17 16 16 14 14  14 14 14 14 14 14 14 14 14 14 14 14 11 14 14 14 14 14  7  7  7  7  7  7  15 15 15 15 15 15 15 15 15 15 15 15 15 15 15 15 13 13 13 13 13 13 13 13  12 12 12 12 12 12 12 12 12 12 16 12 16 16 16 16 16 16 16 16 16 16 17 17  17 17 17 17 17 17 17 17 17 16 16 16 16 17 17 17 14 14 14 14 14 14 14 14  14 14 14 14 14 14 14 14 14 14 14 14  7  7  7  7  7 15 15 15 15 15 15 15  15 15 15 15 15 15 15 15 15 15 15 13 13 13 13 13 13 13 12 12 12 12 12 12  12 12 16 16 16 16 16 16 16 16 16 16 16 16 16 16 16 17 17 17 17 17 17 17  17 17 17 17 16 17 17 17 17 14 14 14 14 14 14 14 14 14 14 14 14 14 14 14  14 14 14 14 14 14  7  7  7  7  7 15 15 15 15 15 15 15 15 15 15 15 15 15  15 15 15 15 15 15 13 13 13 13 13 13 12 12 12 12 12 12 16 16 16 16 16 16  16 16 16 16 16 16 16 16 16 16 17 17 17 17 17 17 17 17 17 17 17 17 17 17  17 17 17 14 14 14 14 14 14 14 14 14 14 14 14 14 14 14 14 14 14 14 14 14   7  7  7  7 15 15 15 15 15 15 15 15 15 15 15 15 15 15 15 15 15 15 15 15  15 13 13 13 13 13 12 12 12 12 16 16 16 16 16 16 16 16 16 16 16 16 16 16  16 16 16 16 16 17 17 17 17 17 17 17 17 17 17 17 17 17 17 17 17 14 14 14  14 14 14 14 14 14 14 14 14 14 14 14 14 14 14 14 14 14  7  7  7  7 15 15  15 15 15 15 15 15 15 15 15 15 15 15 15 15 15 15 15 15 15 15 13 13 13 13  12 16 16 16 16 16 16 16 16 16 16 16 16 16 16 16 16 16 16 16 16 17 17 17  17 17 17 17 17 17 17 17 17 17 17 17 17 17 17 14 14 14 14 14 14 14 14 14  14 14 14 14 14 14 14 14 14 14 14 14  7  7  7  7 15 15 15 15 15 15 15 15  15 15 15 15 15 15 15 15 15 15 15 15 15 13 13 13 13 13 16 16 16 16 16 16  16 16 16 16 16 16 16 16 16 16 16 16 16 16 17 17 17 17 17 17 17 17 17 17  17 17 17 17 17 17 17 17 17 14 14 14 14 14 14 14 14 14 14 14 14 14 14 14  14 14 14 14 14 14  7  7  7  7 15 15 15 15 15 15 15 15 15 15 15 15 15 15  15 15 15 15 15 15 15 15 13 13 13 16 16 16 16 16 16 16 16 16 16 16 16 16  16 16 16 16 16 16 16 16 17 17 17 17 17 17 17 17 17 17 17 17 17 17 17 17  17 14 14 14 14 14 14 14 14 14 14 14 14 14 14 14 14 14 14 14 14 14 14 14   7  7  7 15 15 15 15 15 15 15 15 15 15 15 15 15 15 15 15 15 15 15 15 15  15 13 13 13 16 16 16 16 16 16 16 16 16 16 16 16 16 16 16 16 16 16 16 16  16 16 16 17 17 17 17 17 17 17 17 17 17 17 17 17 17 17 17 17 14 14 14 14  14 14 14 14 14 14 14 14 14 14 14 14 14 14 14 14 14 14  7  7  7  7 15 15  15 15 15 15 15 15 15 15 15 15 15 15 15 15 15 15 15 15 13 13 13 13 16 16  16 16 16 16 16 16 16 16 16 16 16 16 16 16 16 16 16 16 16 16 17 17 17 17  17 17 17 17 17 17 17 17 17 17 17 17 17 17 14 14 14 14 14 14 14 14 14 14  14 14 14 14 14 14 14 14 14 14 14 14  7  7  7  7 15 15 15 15 15 15 15 15  15 15 15 15 15 15 15 15 15 15 15 13 13 13 13 13 16 16 16 16 16 16 16 16  16 16 16 16 16 16 16 16 16 16 16 16 16 17 17 17 17 17 17 17 17 17 17 17  17 17 17 17 17 17 17 17 14 14 14 14 14 14 14 14 14 14 14 14 14 14 14 14  14 14 14 14 14 14  7  7  7 15 15 15 15 15 15 15 15 15 15 15 15 15 15 15  15 15 15 15 13 13 13 13 13 13 16 16 16 16 16 16 16 16 16 16 16 16 16 16  16 16 16 16 16 16 16 17 17 17 17 17 17 17 17 17 17 17 17 17 17 17 17 17  17 17 14 14 14 14 14 14 14 14 14 14 14 14 14 14 14 14 14 14 14 14 14 14   7  7  7  7 15 15 15 15 15 15 15 15 15 15 15 15 15 15 15 15 15 13 13 13  13 13 13 13 16 16 16 16 16 16 16 16 16 16 16 16 16 16 16 16 16 16 16 16  17 17 17 17 17 17 17 17 17 17 17 17 17 17 17 17 17 17 17 17 14 14 14 14  14 14 14 14 14 14 14 14 14 14 14 14 14 14 14 14 14 14  7  7  7 15 15 15  15 15 15 15 15 15 15 15 15 15 15 15 15 13 13 13 13 13 13 13 13 16 16 16  16 16 16 16 16 16 16 16 16 16 16 16 16 16 16 16 16 16 17 17 17 17 17 17  17 17 17 17 17 17 17 17 17 17 17 17 17 17 19 14 14 14 14 14 14 14 14 14  14 14 14 14 14 14 14 14 14 14 14 14  7  7  7  7 15 15 15 15 15 15 15 15  15 15 15 15 15 15 13 13 13 13 13 13 13 13 13 16 16 16 16 16 16 18 18 18  18 18 16 16 16 16 16 16 16 16 16 16 17 17 17 17 17 17 17 17 17 17 17 17  17 17 17 17 17 17 17 19 19 19 19 19 14 14 14 14 14 14 14 14 14 14 14 14  14 14 14 14 14 14  7  7  7  7 15 15 15 15 15 15 15 15 15 15 15 15 15 13  13 13 13 13 13 13 13 13 13 16 16 16 16 18 18 18 18 18 18 18 18 18 16 16  16 16 16 16 16 17 17 17 17 17 17 17 17 17 17 17 17 17 17 17 17 17 17 17  19 19 19 19 19 19 19 14 14 14 14 14 14 14 14 14 14 14 14 14 14 14 14 14   7  7  7  7 15 15 15 15 15 15 15 15 15 15 13 13 13 13 13 13 13 13 13 13  13 13 13 18 18 18 18 18 18 18 18 18 18 18 18 18 18 16 16 16 16 16 16 17  17 17 17 17 17 17 17 17 17 17 17 17 17 17 17 17 17 17 19 19 19 19 19 19  19 19 19 14 14 14 14 14 14 14 14 14 14 14 14 14 14 14  7  7  7  7 15 15  15 15 15 15 15 15 15 13 13 13 13 13 13 13 13 13 13 13 13 13 13 18 18 18  18 18 18 18 18 18 18 18 18 18 18 18 18 18 16 16 16 17 17 17 17 17 17 17  17 17 17 17 17 17 17 17 17 17 17 19 19 19 19 19 19 19 19 19 19 14 19 19  14 14 14 19 14 14 14 14 14 14 14 14  7  7  7  7 15 15 15 15 15 13 15 15  13 13 13 13 13 13 13 13 13 13 13 13 13 13 18 18 18 18 18 18 18 18 18 18  18 18 18 18 18 18 18 18 18 18 18 17 17 17 17 17 17 17 17 17 17 17 17 17  17 17 17 17 17 19 19 19 19 19 19 19 19 19 19 19 19 19 19 19 19 19 19 14  14 14 14 14 19 19  7  7  7  7 15 15 15 15 13 13 13 13 13 13 13 13 13 13  13 13 13 13 13 13 13 18 18 18 18 18 18 18 18 18 18 18 18 18 18 18 18 18  18 18 18 18 18 17 17 17 17 17 17 17 17 17 17 17 17 17 17 17 17 17 19 19  19 19 19 19 19 19 19 19 19 19 19 19 19 19 19 19 19 14 14 14 19 19 19 19   7  7  7 13 13 13 13 13 13 13 13 13 13 13 13 13 13 13 13 13 13 13 13 13  13 18 18 18 18 18 18 18 18 18 18 18 18 18 18 18 18 18 18 18 18 18 18 17  17 17 17 17 17 17 17 17 17 17 17 17 17 17 19 19 19 19 19 19 19 19 19 19  19 19 19 19 19 19 19 19 19 19 19 19 19 19 19 19 19 19  7  7  7 13 13 13  13 13 13 13 13 13 13 13 13 13 13 13 13 13 13 13 13 13 13 18 18 18 18 18  18 18 18 18 18 18 18 18 18 18 18 18 18 18 18 18 18 18 17 17 17 17 17 17  17 17 17 17 17 17 19 19 19 19 19 19 19 19 19 19 19 19 19 19 19 19 19 19  19 19 19 19 19 19 19 19 19 19 19 19  7  7  7 13 13 13 13 13 13 13 13 13  13 13 13 13 13 13 13 13 13 13 13 13 18 18 18 18 18 18 18 18 18 18 18 18  18 18 18 18 18 18 18 18 18 18 18 18 18 17 17 17 17 17 17 17 17 17 17 19  19 19 19 19 19 19 19 19 19 19 19 19 19 19 19 19 19 19 19 19 19 19 19 19  19 19 19 19 19 19  7  7 13 13 13 13 13 13 13 13 13 13 13 13 13 13 13 13  13 13 13 13 13 18 18 18 18 18 18 18 18 18 18 18 18 18 18 18 18 18 18 18  18 18 18 18 18 18 18 17 17 17 17 17 17 17 17 17 19 19 19 19 19 19 19 19  19 19 19 19 19 19 19 19 19 19 19 19 19 19 19 19 19 19 19 19 19 19 19 19  13 13 13 13 13 13 13 13 13 13 13 13 13 13 13 13 13 13 13 13 13 13 18 18  18 18 18 18 18 18 18 18 18 18 18 18 18 18 18 18 18 18 18 18 18 18 18 18  18 18 17 17 17 17 17 17 17 19 19 19 19 19 19 19 19 19 19 19 19 19 19 19  19 19 19 19 19 19 19 19 19 19 19 19 19 19 19 19 19 19 13 13 13 13 13 13  13 13 13 13 13 13 13 13 13 13 13 13 13 13 18 18 18 18 18 18 18 18 18 18  18 18 18 18 18 18 18 18 18 18 18 18 18 18 18 18 18 18 18 18 18 17 17 17  17 17 19 19 19 19 19 19 19 19 19 19 19 19 19 19 19 19 19 19 19 19 19 19  19 19 19 19 19 19 19 19 19 19 19 19 13 13 13 13 13 13 13 13 13 13 13 13  13 13 13 13 13 13 18 18 18 18 18 18 18 18 18 18 18 18 18 18 18 18 18 18  18 18 18 18 18 18 18 18 18 18 18 18 18 18 18 18 18 18 17 19 19 19 19 19  19 19 19 19 19 19 19 19 19 19 19 19 19 19 19 19 19 19 19 19 19 19 19 19  19 19 19 19 19 19 13 13 13 13 13 13 13 13 13 13 13 13 13 13 18 18 13 18  18 18 18 18 18 18 18 18 18 18 18 18 18 18 18 18 18 18 18 18 18 18 18 18  18 18 18 18 18 18 18 18 18 18 18 18 18 19 19 19 19 19 19 19 19 19 19 19  19 19 19 19 19 19 19 19 19 19 19 19 19 19 19 19 19 19 19 19 19 19 19 19  13 13 13 13 13 13 13 13 13 13 13 13 18 18 18 18 18 18 18 18 18 18 18 18  18 18 18 18 18 18 18 18 18 18 18 18 18 18 18 18 18 18 18 18 18 18 18 18  18 18 18 18 18 18 18 19 19 19 19 19 19 19 19 19 19 19 19 19 19 19 19 19  19 19 19 19 19 19 19 19 19 19 19 19 19 19 19 19 19 19 13 13 13 13 13 13  13 13 13 13 13 13 18 18 18 18 18 18 18 18 18 18 18 18 18 18 18 18 18 18  18 18 18 18 18 18 18 18 18 18 18 18 18 18 18 18 18 18 18 18 18 18 18 18  18 19 19 19 19 19 19 19 19 19 19 19 19 19 19 19 19 19 19 19 19 19 19 19  19 19 19 19 19 19 19 19 19 19 19 19
2
