False
30
False
58
58
8
False
0.1
0.001
10000
336
True
1
2067
54047261200
378 377 377 378 377 378 377 378
0.09869203 0.10107015 0.10107015 0.09869203 0.10107015 0.09869203 0.10107015 0.09869203
0.10107015457788347
 True  True  True  True  True  True  True  True
0 0 0 0 0 0 0 1 0 0 0 1 0 0 1 0 0 0 0 0 0 0 1 0 0 0 1 0 0 0 0 1 0 0 0 0  0 0 0 0 0 0 0 0 0 0 0 0 0 0 1 0 0 0 0 0 0 0 0 0 1 1 0 0 0 0 0 0 1 0 0 0  0 0 0 0 0 0 0 0 0 0 1 0 0 0 0 0 0 0 1 0 0 0 0 0 0 0 1 0 0 0 0 0 0 0 1 0  0 0 0 1 0 0 0 0 1 0 0 0 0 0 1 0 0 0 0 0 0 0 0 0 0 0 0 0 0 0 0 1 0 1 0 0  0 0 0 0 2 0 0 0 0 0 0 0 0 0 1 0 0 0 1 1 0 0 0 0 0 0 0 0 0 0 0 0 0 0 1 0  0 0 0 0 0 0 0 0 1 0 0 0 0 0 0 0 0 0 0 0 1 0 0 0 0 0 0 0 0 0 0 0 0 0 0 0  0 0 0 0 1 0 0 0 0 0 0 0 0 0 1 0 0 0 0 0 0 0 0 0 0 0 0 0 0 0 0 0 0 0 0 0  0 0 0 0 0 0 0 0 0 0 0 0 0 0 0 0 0 0 0 0 0 0 0 0 1 0 0 0 0 0 0 0 0 0 0 0  1 0 0 0 1 0 0 0 0 0 0 1 0 0 0 0 0 0 0 1 0 0 0 0 0 0 1 0 0 1 2 1 0 0 0 0  0 0 0 0 0 0 0 0 0 0 0 1 0 0 0 1 0 0 0 0 0 1 0 0 0 0 0 0 0 0 0 0 1 0 0 0  0 0 0 0 0 0 0 0 0 0 0 0 0 1 0 0 0 1 0 0 0 0 0 0 0 0 0 0 0 0 0 0 0 0 1 0  1 0 0 0 0 0 0 0 0 0 0 0 0 0 0 0 0 0 0 1 0 0 0 0 0 0 0 0 0 0 0 0 0 1 0 0  0 0 0 0 0 0 0 0 0 0 0 0 0 0 0 0 0 0 0 0 1 0 0 0 0 0 0 0 0 0 0 0 0 0 0 0  0 0 0 0 0 0 0 0 0 0 0 0 0 1 0 0 1 1 0 1 0 0 0 0 0 0 0 0 0 0 1 0 0 0 0 0  1 0 0 0 0 0 0 1 0 0 0 0 0 0 0 0 0 0 0 0 0 0 0 0 0 0 0 0 0 0 1 0 1 0 0 0  1 0 0 0 0 0 0 1 0 0 0 0 0 1 0 0 0 0 0 0 0 0 0 0 0 0 0 0 0 0 0 0 0 0 0 0  0 1 0 0 1 0 0 0 0 0 0 0 0 1 0 0 0 0 0 0 0 0 0 0 0 0 1 0 0 0 0 0 0 0 0 0  0 0 0 0 0 2 0 0 0 1 1 0 0 0 0 0 0 0 0 0 0 0 1 0 0 1 0 0 0 0 0 0 0 0 0 0  0 0 0 0 0 0 0 0 0 0 0 0 0 0 0 0 0 0 0 1 0 0 0 0 0 0 1 0 0 0 0 0 0 0 0 0  0 0 0 0 0 0 0 0 0 0 0 1 0 0 0 0 0 0 0 0 0 0 0 0 0 0 0 0 0 0 0 0 0 0 0 0  0 0 0 1 0 0 0 0 0 0 1 0 0 0 0 0 0 0 0 0 0 0 1 0 1 0 0 1 0 0 0 0 0 0 0 0  0 0 0 0 0 0 0 1 0 0 0 0 1 0 0 0 1 0 0 0 0 0 0 0 0 0 0 0 0 0 1 0 0 0 0 0  0 0 0 0 1 0 0 0 0 0 0 0 0 0 0 0 0 0 0 0 0 0 0 0 0 0 0 0 0 0 0 0 0 0 0 0  0 0 0 0 0 0 0 0 0 0 1 0 0 1 0 0 0 0 0 0 0 0 0 0 0 0 0 0 0 0 0 0 0 0 0 0  0 0 0 0 0 0 0 0 0 0 0 0 0 0 0 0 0 0 1 0 0 0 0 0 0 0 0 1 0 0 0 0 0 0 1 0  0 0 0 0 1 0 1 0 0 0 0 0 0 0 0 1 1 0 0 0 1 0 0 0 0 0 0 0 0 0 0 0 0 0 0 0  0 0 0 0 0 0 0 1 1 0 0 0 0 0 0 0 0 0 1 0 0 1 0 0 0 1 0 0 0 0 0 0 0 1 0 0  0 1 0 0 0 0 0 0 0 0 0 0 0 0 0 0 0 1 0 0 0 0 1 1 0 0 0 0 0 0 1 0 0 0 0 0  0 0 0 1 0 0 0 0 0 0 0 0 0 1 1 0 0 0 0 0 0 0 0 0 0 0 0 0 0 0 0 0 0 0 0 0  0 0 1 0 0 0 0 0 0 0 0 0 0 0 0 0 0 0 0 1 0 0 0 0 0 0 0 0 0 0 2 0 0 0 0 0  0 0 0 0 0 0 0 0 1 0 0 0 0 0 0 1 0 0 0 0 0 0 0 0 1 0 0 0 0 1 0 0 1 0 0 0  1 0 0 0 0 0 0 1 0 0 0 0 1 0 0 0 1 0 0 0 1 0 0 0 1 0 0 0 0 1 1 1 0 0 0 0  0 0 0 0 0 0 0 0 0 0 0 1 0 0 0 0 0 0 0 0 0 0 0 0 0 0 0 0 0 0 0 0 0 0 0 0  0 0 0 0 1 0 0 0 0 0 0 0 0 1 0 1 0 0 0 0 0 0 0 1 0 0 0 0 0 0 0 0 0 0 0 0  0 0 0 0 0 0 0 0 0 0 0 0 0 0 0 0 0 0 0 1 0 0 0 0 0 0 0 0 0 0 0 0 0 0 0 0  0 1 0 0 0 0 0 1 0 0 0 0 0 0 0 0 0 0 0 0 0 0 0 0 0 0 0 0 0 0 0 1 0 0 1 0  0 0 1 0 0 0 0 0 0 0 0 0 0 0 0 0 0 0 0 0 0 0 0 0 0 0 1 0 0 0 0 0 0 0 0 0  0 0 0 0 0 0 0 0 0 0 0 0 0 0 0 0 0 0 0 0 0 0 0 0 0 0 0 0 0 0 0 0 0 0 0 0  0 0 0 0 0 0 0 1 1 0 0 0 0 0 0 0 0 0 0 0 0 0 0 2 0 0 0 0 0 0 1 0 0 0 0 0  0 0 0 0 0 0 0 1 1 0 0 0 0 0 0 0 0 0 0 0 0 0 0 0 0 0 0 0 0 0 0 1 0 0 0 0  0 0 0 0 0 1 0 0 0 0 0 0 0 0 1 0 0 0 0 0 1 1 0 1 0 0 0 0 0 0 0 0 0 0 0 0  1 0 0 0 0 0 0 0 0 0 0 2 0 0 0 0 0 0 0 0 1 0 0 0 0 0 0 0 0 0 0 0 0 0 0 0  0 0 0 0 0 0 0 0 0 0 0 2 0 1 0 1 0 0 0 1 0 0 1 0 0 0 0 0 0 0 0 0 1 0 0 0  0 0 0 0 1 1 0 0 0 0 1 1 0 0 0 0 0 0 1 0 0 0 0 0 0 0 0 0 0 0 0 0 0 0 0 0  1 0 0 0 0 0 1 0 0 0 0 0 0 0 0 0 0 1 0 0 0 0 0 1 0 0 0 0 0 0 0 0 0 0 0 0  0 0 0 0 1 0 0 0 0 1 0 0 0 0 0 1 1 0 0 0 0 0 0 0 0 0 0 1 0 0 0 0 0 0 0 0  0 0 0 0 0 0 0 0 0 0 0 0 1 0 0 0 0 0 0 1 1 0 1 0 0 0 0 0 1 1 1 0 0 1 0 0  0 0 0 0 1 0 0 0 0 1 0 0 0 0 0 0 1 0 0 0 0 0 0 0 0 0 0 0 0 0 0 0 0 1 0 0  0 1 0 0 1 0 0 0 0 0 0 0 0 0 0 0 0 1 0 0 0 0 0 0 0 0 0 0 0 0 0 0 0 0 0 0  0 0 0 0 0 0 0 0 0 0 0 0 0 0 0 0 1 0 0 0 0 0 0 0 0 0 0 0 0 0 0 0 1 0 0 0  0 0 0 0 0 0 0 0 0 0 0 0 0 0 0 0 0 0 0 0 0 0 0 0 0 0 0 0 0 0 0 0 0 0 0 0  0 0 0 1 0 0 0 0 0 1 0 0 0 0 0 1 0 0 1 0 0 0 2 0 1 0 1 0 0 0 0 0 0 1 0 0  0 0 0 0 0 0 0 0 1 1 0 0 0 0 0 1 0 1 0 1 0 1 0 0 0 0 0 1 0 0 0 0 0 0 0 0  0 0 0 0 0 0 0 0 1 0 0 0 0 1 0 0 0 0 1 0 0 0 0 0 0 0 0 0 0 0 0 0 0 1 0 0  0 1 0 0 0 0 0 1 0 0 0 0 0 1 0 0 0 1 0 0 0 1 0 0 0 0 0 0 0 0 0 0 0 1 0 0  0 0 0 0 0 0 0 1 0 0 0 0 0 0 0 0 0 0 1 0 1 0 0 0 0 0 0 1 0 0 1 0 0 1 0 0  0 0 0 0 0 0 0 0 1 0 0 0 0 0 0 0 0 1 0 0 0 0 0 0 0 0 0 0 0 0 0 1 0 0 0 0  0 0 0 0 0 0 0 0 0 0 0 0 0 0 0 0 0 0 0 0 0 0 0 0 0 0 0 0 0 0 0 0 1 0 1 0  0 0 0 0 0 0 0 0 0 0 0 0 0 0 0 0 0 0 0 0 0 0 0 0 0 0 0 0 0 0 0 0 0 0 0 0  0 0 0 0 0 0 0 1 0 0 0 0 0 0 0 0 0 0 0 0 0 0 0 0 0 0 0 0 0 0 0 0 0 0 0 0  0 0 0 0 0 1 0 0 0 0 0 0 0 0 0 0 0 0 0 1 0 0 1 0 1 0 0 0 0 0 0 0 0 0 0 0  1 0 0 0 1 0 0 0 0 1 0 0 0 0 0 1 0 0 0 0 0 1 1 1 0 0 0 0 0 0 1 0 1 0 0 0  1 0 0 0 0 0 0 0 0 0 0 0 0 0 0 0 0 0 0 0 0 0 0 0 0 0 0 0 0 1 1 0 0 1 0 0  0 0 1 0 0 0 0 0 0 0 0 0 0 0 0 1 0 0 1 0 0 0 0 0 0 0 0 0 0 0 0 0 0 0 0 0  0 0 0 0 0 1 0 0 0 1 0 1 1 0 0 1 0 0 0 1 0 0 0 0 0 0 0 0 0 0 0 0 0 0 0 0  0 0 1 0 1 0 0 0 0 0 0 0 0 0 1 0 0 0 1 0 0 0 0 0 0 0 0 0 0 0 0 0 1 0 0 0  0 0 0 0 1 0 0 0 0 1 0 0 0 0 0 0 0 0 1 0 0 0 0 0 0 1 0 0 0 0 0 0 1 0 0 0  0 0 0 0 0 0 0 0 0 0 0 0 0 0 0 0 0 0 0 0 0 0 0 0 0 0 0 0 0 0 0 0 0 0 0 0  0 0 0 0 0 0 0 0 0 0 0 0 0 0 0 0 1 0 0 0 0 0 0 0 0 0 0 1 0 0 0 0 0 0 0 1  0 0 0 0 0 0 0 0 0 0 0 0 0 0 0 0 0 0 0 0 0 0 0 0 0 0 1 1 0 0 0 0 0 0 0 0  0 0 0 0 0 1 0 0 0 0 0 0 0 0 0 0 0 0 0 0 1 0 0 0 0 0 0 0 0 0 0 0 0 0 0 0  0 0 0 0 0 0 0 0 0 1 0 0 0 0 0 0 0 0 0 0 0 0 0 0 0 0 0 0 1 0 0 0 0 0 0 0  0 0 0 0 0 0 0 0 1 0 0 0 0 0 0 0 0 0 0 0 1 0 0 0 0 0 0 0 0 0 0 0 1 0 0 0  1 0 0 0 0 0 1 0 0 0 0 0 0 0 0 0 0 0 0 0 0 0 0 1 0 0 0 0 0 0 0 0 0 1 1 0  0 0 0 0 0 0 0 0 0 0 0 0 0 0 0 0 0 0 0 0 0 0 0 0 1 0 0 0 0 0 0 0 0 1 0 1  0 0 0 0 0 0 0 0 0 0 0 0 0 0 0 0 0 0 0 0 1 0 0 0 0 0 0 0 0 0 1 0 0 0 0 0  0 0 0 0 0 0 0 0 0 0 0 0 1 0 0 0 1 0 0 0 0 0 0 0 0 0 0 0 0 0 0 0 0 0 0 1  0 0 0 0 0 0 0 0 0 0 0 1 1 0 1 0 0 0 0 0 0 0 0 0 0 0 0 0 1 0 0 0 0 0 0 0  0 0 0 0 0 0 0 0 0 0 0 0 0 0 0 0 0 0 0 0 0 0 0 0 0 0 0 0 0 0 0 0 0 0 0 0  0 0 0 0 0 0 0 0 0 0 1 0 0 0 0 0 0 0 0 0 1 0 0 0 0 0 0 1 0 0 0 0 0 0 0 0  0 0 1 0 0 0 0 0 0 1 0 0 0 0 0 0 0 0 0 0 0 0 0 0 1 0 0 0 0 0 0 0 0 0 0 0  0 0 0 0 0 0 0 0 0 0 1 0 0 0 0 0 0 0 0 0 0 0 0 0 0 0 0 1 0 0 0 0 0 0 0 0  0 0 0 0 0 0 0 0 0 0 0 0 0 0 1 0 1 0 0 0 1 0 0 0 0 0 0 1 0 0 0 1 1 0 0 0  0 0 0 0 0 0 0 0 0 0 0 0 0 0 0 0 0 0 0 0 0 0 0 1 1 0 0 0 0 0 0 1 0 0 0 0  0 0 0 0 1 0 0 0 0 0 0 0 0 1 0 0 0 0 0 0 0 1 0 0 0 1 1 0 0 0 0 0 0 0 0 0  0 1 0 0 0 0 0 0 0 0 0 1 0 0 0 0 0 0 0 0 0 0 0 0 0 0 1 0 1 1 0 0 0 0 0 0  0 0 1 0 0 0 0 0 0 0 0 0 0 0 0 0 0 0 0 0 0 1 1 0 0 0 0 0 0 0 0 0 0 0 0 0  1 0 0 1 0 0 0 1 0 0 0 0 0 0 0 0 0 0 0 0 0 0 1 0 0 0 0 1 0 0 0 0 0 0 0 0  0 0 0 0 0 1 0 0 0 0 0 0 0 0 1 0 0 0 0 0 1 0 0 0 1 0 0 0 1 0 0 1 0 0 0 0  0 0 1 0 0 0 0 0 0 0 0 1 0 0 0 0 0 0 0 0 0 0 0 0 0 0 0 1 0 0 0 0 0 0 0 0  0 0 0 0 0 0 0 0 0 0 0 0 0 0 0 0 0 0 0 0 0 0 0 0 0 0 0 0 0 0 0 0 1 0 0 0  0 0 0 0 0 0 0 1 0 0 0 0 0 0 0 0 0 0 1 0 1 0 0 1 0 0 0 0 0 0 0 1 0 1 0 0  0 0 0 0 0 0 0 0 0 0 0 0 0 0 0 0 0 0 0 0 0 0 0 0 0 1 0 0 0 0 1 0 0 0 0 0  0 0 0 0 0 0 1 1 0 0 0 0 0 0 0 0
1 1 1 1 1 1 1 8 1 1 1 8 1 1 8 1 1 1 1 1 1 1 8 0 0 0 8 0 0 0 0 8 0 0 0 0  0 0 0 0 0 0 0 0 0 0 0 0 0 0 8 0 0 0 0 0 0 0 1 1 8 8 1 1 1 1 1 1 8 1 1 1  1 1 1 1 1 1 1 1 0 0 8 0 0 0 0 0 0 0 8 0 0 0 0 0 0 0 8 0 0 0 0 0 0 0 8 0  0 0 0 8 0 0 0 0 8 1 1 1 1 1 8 1 1 1 1 1 1 1 1 1 1 1 1 1 1 1 1 8 1 8 0 0  0 0 0 0 0 0 0 0 0 0 0 0 0 0 8 0 0 0 8 8 0 0 0 0 0 0 0 0 0 0 1 1 1 1 8 1  1 1 1 1 1 1 1 1 8 1 1 1 1 1 1 1 1 1 1 1 8 0 0 0 0 0 0 0 0 0 0 0 0 0 0 0  0 0 0 0 8 0 0 0 0 0 0 0 0 0 8 0 1 1 1 1 1 1 1 1 1 1 1 1 1 1 1 1 1 1 1 1  1 1 1 1 1 1 1 1 1 0 0 0 0 0 0 0 0 2 2 2 0 0 0 0 8 0 0 0 0 0 0 0 0 0 0 0  8 0 1 1 8 1 1 1 1 1 1 8 1 1 1 1 1 1 1 8 1 1 1 1 1 2 8 1 1 8 1 8 0 0 0 0  0 2 2 2 2 2 2 2 2 0 0 8 0 0 0 8 0 0 0 0 0 8 0 0 1 1 1 1 1 1 1 1 8 1 1 1  1 1 1 1 1 1 1 1 1 2 2 2 2 8 2 1 1 8 2 0 0 0 2 2 2 2 2 2 2 2 2 2 2 2 8 0  8 0 0 0 0 0 0 0 0 0 1 1 1 1 1 1 1 1 1 8 1 1 1 1 1 1 1 1 1 1 2 2 2 8 2 2  2 2 2 2 2 2 2 2 2 2 2 2 2 2 2 2 2 2 2 2 8 0 0 0 0 0 0 0 0 0 0 0 1 1 1 1  1 1 1 1 1 1 1 1 1 1 1 1 1 8 1 2 8 8 2 8 2 2 2 2 2 2 2 2 2 2 8 2 2 2 2 2  8 2 2 2 2 2 2 8 0 0 0 0 0 0 0 0 0 0 1 1 1 1 1 1 1 1 1 1 1 1 8 1 8 1 1 1  8 2 2 2 2 2 2 8 2 2 2 2 2 8 2 2 2 2 2 2 2 2 2 2 2 2 2 2 2 0 0 0 0 0 0 0  0 8 0 0 8 1 1 1 1 1 1 1 1 8 1 1 1 1 1 1 1 1 1 2 2 2 8 2 2 2 2 2 2 2 2 2  2 2 2 2 2 2 2 2 2 8 8 2 2 2 0 0 0 0 0 0 0 0 8 0 0 8 1 1 1 1 1 1 1 1 1 1  1 1 1 1 1 1 1 1 1 2 2 2 2 2 2 2 2 2 2 8 2 2 2 2 2 2 8 2 2 2 2 2 2 2 2 2  0 0 0 0 0 0 0 0 0 0 0 8 1 1 1 1 1 1 1 1 1 1 1 1 1 1 1 1 1 1 1 2 2 2 2 2  2 2 2 8 2 2 2 2 2 2 8 2 2 2 2 2 2 2 2 2 2 2 8 0 8 0 0 8 0 0 0 0 0 0 1 1  1 1 1 1 1 1 1 8 1 1 1 1 8 1 1 1 8 2 2 2 2 2 2 2 2 2 2 2 2 2 8 2 2 2 2 2  2 2 2 2 8 2 2 2 0 0 0 0 0 0 0 0 0 0 0 0 1 1 1 1 1 1 1 1 1 1 1 1 1 1 1 1  1 1 1 2 2 2 2 2 2 2 8 2 2 8 2 2 2 2 2 2 2 2 2 2 2 2 2 2 2 2 0 0 0 0 0 0  0 0 0 0 0 0 1 1 1 1 1 1 1 1 1 1 1 1 8 1 1 1 1 1 1 2 2 8 2 2 2 2 2 2 8 2  2 2 2 2 8 2 8 2 2 2 2 2 2 2 2 8 8 0 0 0 8 0 0 0 0 0 0 0 1 1 1 1 1 1 1 1  1 1 1 1 1 1 1 8 8 1 2 2 2 2 2 2 2 2 8 2 2 8 2 2 2 8 2 2 2 2 2 2 2 8 2 2  2 8 0 0 0 0 0 0 0 0 0 0 0 0 1 1 1 8 1 1 1 1 8 8 1 1 1 1 1 1 8 1 2 2 2 2  2 2 2 8 2 2 3 3 3 3 2 2 2 8 8 2 2 2 2 2 2 2 2 2 0 0 0 0 0 0 0 0 0 0 0 0  1 1 8 6 6 1 1 1 1 1 1 1 1 1 1 1 1 1 2 8 2 2 2 2 2 2 3 3 3 3 3 3 3 2 2 2  2 2 2 2 2 2 2 2 8 2 0 0 0 0 0 8 0 0 0 0 0 0 1 1 8 6 6 6 6 8 6 1 8 1 1 1  8 1 1 1 1 2 2 8 2 2 2 3 8 3 3 3 8 3 3 2 8 2 2 2 8 2 2 2 2 8 8 8 0 0 0 0  0 0 0 0 0 0 0 0 1 1 6 8 6 6 6 6 6 6 6 6 6 6 6 6 6 6 6 2 2 2 2 3 3 3 3 3  3 3 3 3 8 2 2 2 2 2 2 2 2 8 2 8 2 2 0 0 0 0 0 8 0 0 0 0 0 0 1 6 6 6 6 6  6 6 6 6 6 6 6 6 6 6 6 6 6 6 2 2 3 3 3 8 3 3 3 3 3 3 3 2 2 2 2 2 2 2 2 2  2 8 2 2 0 0 0 8 0 0 0 0 0 0 0 0 1 6 6 6 6 6 6 6 6 6 6 6 6 6 6 8 6 6 8 6  6 6 8 3 3 3 3 3 3 3 3 3 3 2 2 2 2 2 2 2 2 2 2 2 2 2 8 0 0 0 0 0 0 0 0 0  0 4 6 6 6 6 6 6 6 6 6 6 6 6 6 6 6 6 6 6 6 6 6 6 3 3 3 3 3 3 3 3 3 3 3 2  2 5 5 5 5 5 5 8 8 2 2 2 0 0 0 0 0 0 0 0 0 4 4 4 6 6 6 6 6 6 8 6 6 6 6 6  6 6 6 6 6 6 6 8 8 6 6 3 3 3 3 3 3 3 3 3 5 5 5 5 5 5 5 5 5 5 5 8 2 2 0 0  0 0 0 0 0 8 4 4 4 4 6 6 6 6 8 6 6 6 6 6 8 8 6 8 6 6 6 6 6 6 6 6 6 3 3 3  8 3 3 3 3 5 5 5 5 5 5 5 5 5 5 5 5 2 2 2 8 0 0 0 0 0 0 0 4 4 4 4 7 7 6 6  6 6 6 6 6 6 6 6 6 6 6 6 6 8 6 8 6 6 6 8 3 3 8 3 3 3 5 5 5 5 5 5 8 5 5 5  5 5 5 5 8 8 4 0 0 0 8 8 0 4 4 4 4 4 8 7 7 7 6 6 6 6 6 6 6 6 6 6 6 6 6 6  8 6 6 6 6 6 8 3 3 3 5 5 5 5 5 5 5 8 5 5 5 5 5 8 5 5 5 4 4 4 4 0 0 0 4 4  4 4 4 4 8 7 7 7 7 8 6 6 6 6 6 8 8 6 6 6 6 6 6 6 6 6 6 8 3 3 3 5 5 5 5 5  5 5 5 5 5 5 5 5 5 5 5 5 8 4 4 4 4 4 4 8 8 4 8 4 4 4 7 7 8 8 8 6 6 8 6 6  6 6 6 6 8 6 6 6 6 8 6 6 6 6 3 3 8 5 5 5 5 5 5 5 5 5 5 5 5 5 5 5 5 8 5 4  4 8 4 4 8 4 4 4 4 4 4 4 7 7 7 7 7 8 6 6 6 6 6 6 6 6 6 6 6 6 6 6 6 6 6 6  3 3 3 5 5 5 5 5 5 5 5 5 5 5 5 5 8 5 5 5 5 4 4 4 4 4 4 4 4 4 4 4 8 4 7 7  7 7 7 7 7 6 6 6 6 6 6 6 6 6 6 6 6 6 6 6 6 6 3 3 3 5 5 5 5 5 5 5 5 5 5 5  5 5 5 8 5 5 5 4 4 8 4 4 4 4 4 8 4 4 8 4 7 7 7 7 8 7 8 6 6 6 6 6 6 8 6 6  6 6 6 6 6 6 6 6 8 8 3 3 5 5 5 8 5 8 5 8 5 8 5 5 5 5 5 8 5 4 4 4 4 4 4 4  4 4 4 4 4 4 7 7 8 7 7 7 7 8 6 6 6 6 8 6 6 6 6 6 6 6 6 6 6 6 3 3 3 8 5 5  5 8 5 5 5 5 5 8 5 5 5 5 5 8 5 4 4 8 4 4 4 8 4 4 4 4 4 4 7 7 7 7 7 8 7 7  6 6 6 6 6 6 6 8 6 6 6 6 6 6 6 3 3 3 8 3 8 5 5 5 5 5 5 8 5 5 8 5 5 8 5 5  5 4 4 4 4 4 4 4 8 4 4 4 4 4 7 7 7 8 7 7 7 7 6 6 6 6 6 6 6 6 6 8 6 6 6 6  6 3 3 3 3 3 5 5 5 5 5 5 5 5 5 5 5 5 5 5 5 5 5 4 4 4 4 4 4 4 4 4 8 4 8 4  7 7 7 7 7 7 7 7 6 6 6 6 6 6 6 6 6 6 6 6 6 6 3 3 3 3 3 3 3 5 5 5 5 5 5 5  5 5 5 5 5 5 5 8 5 5 4 4 4 4 4 4 4 4 4 4 4 4 7 7 7 7 7 7 7 7 6 6 6 6 6 6  6 6 6 6 6 8 6 6 3 3 3 3 3 3 3 3 5 5 5 8 5 5 8 5 8 5 5 5 5 5 5 5 4 4 4 4  8 4 4 4 8 4 4 4 7 8 7 7 7 7 7 8 6 6 6 6 6 8 8 8 6 6 6 6 6 6 8 3 8 3 3 3  8 3 5 5 5 5 5 5 5 5 5 5 5 5 5 5 5 5 4 4 4 4 4 4 4 4 4 4 4 8 8 7 7 8 7 7  7 7 8 6 6 6 6 6 6 6 6 6 6 6 6 8 3 3 8 3 3 3 3 3 3 5 5 5 5 5 5 5 5 5 5 5  5 5 5 5 5 8 4 4 4 8 4 8 8 4 4 8 7 7 7 8 7 7 7 7 7 6 6 6 6 6 6 6 6 6 6 6  6 3 8 3 8 3 3 3 3 3 3 3 5 5 8 5 5 5 8 5 5 5 5 5 5 5 5 5 4 4 4 4 8 4 4 4  4 4 7 7 8 7 7 7 7 8 7 7 6 6 6 6 6 6 8 6 6 6 6 3 3 8 3 3 3 3 3 3 8 3 3 5  5 5 5 5 5 5 5 5 5 5 5 5 5 5 4 4 4 4 4 4 4 4 4 4 7 7 7 7 7 7 7 7 7 7 7 6  6 6 6 6 6 6 6 6 3 3 3 3 3 3 3 3 8 3 3 3 3 3 5 5 5 5 5 8 5 5 5 5 5 5 5 8  4 4 4 4 4 4 4 4 4 4 7 7 7 7 7 7 7 7 7 7 7 6 6 6 6 6 8 8 6 6 3 3 3 3 3 3  3 3 3 3 3 8 3 3 5 5 5 5 5 5 5 5 5 5 5 5 8 5 5 4 4 4 4 4 4 4 4 4 7 7 7 7  7 7 7 7 7 7 7 7 7 8 6 6 6 6 6 3 3 3 3 3 3 3 3 3 3 3 3 3 8 3 3 5 5 5 5 5  5 5 5 5 5 5 5 5 8 4 4 4 4 4 4 4 4 4 7 7 8 7 7 7 7 7 7 7 7 7 7 7 8 7 7 7  8 7 3 3 3 3 8 3 3 3 3 3 3 3 3 3 3 3 5 5 5 5 5 8 5 5 5 5 5 5 4 4 4 8 8 4  4 4 4 4 7 7 7 7 7 7 7 7 7 7 7 7 7 7 7 7 7 7 7 7 8 3 3 3 3 3 3 3 3 8 3 8  3 3 3 3 5 5 5 5 5 5 5 5 5 5 5 5 4 4 4 4 8 4 4 4 4 4 7 7 7 7 8 7 7 7 7 7  7 7 7 7 7 7 7 7 7 7 3 3 8 3 3 3 8 3 3 3 3 3 3 3 3 3 5 5 5 5 5 5 5 5 5 8  5 5 4 4 4 4 4 4 4 4 4 8 8 7 8 7 7 7 7 7 7 7 7 7 7 7 7 7 8 7 7 7 3 3 3 3  3 3 3 3 3 3 3 3 3 3 3 3 3 5 5 5 5 5 5 5 5 5 5 4 4 4 4 4 4 4 4 4 4 4 7 7  7 7 7 7 7 7 7 7 7 7 8 7 7 7 7 7 7 7 7 3 8 3 3 3 3 3 3 8 3 3 3 3 3 3 3 3  5 5 8 5 5 5 5 5 5 8 4 4 4 4 4 4 4 4 4 4 7 7 7 7 8 7 7 7 7 7 7 7 7 7 7 7  7 7 7 7 7 3 3 3 3 3 8 3 3 3 3 3 3 3 3 3 3 3 3 5 5 5 5 8 5 5 4 4 4 4 4 4  4 4 4 4 4 4 7 7 7 7 7 7 7 7 8 7 8 7 7 7 8 7 7 7 7 7 7 8 3 3 3 8 8 3 3 3  3 3 3 3 3 3 3 3 3 5 5 5 5 5 5 4 4 4 4 4 4 4 4 8 8 4 4 4 7 7 7 8 7 7 7 7  7 7 7 7 8 7 7 7 7 7 7 7 7 8 3 3 3 3 3 3 3 8 3 3 3 8 8 3 3 3 3 4 5 5 5 5  5 8 4 4 4 4 4 4 4 4 4 8 4 4 7 7 7 7 7 7 7 7 7 7 7 7 8 7 8 8 7 7 7 7 7 7  3 3 8 3 3 3 3 3 3 3 3 3 3 3 3 3 3 4 4 4 4 8 8 4 4 4 4 4 4 4 4 4 4 4 4 4  8 7 7 8 7 7 7 8 7 7 7 7 7 7 7 7 7 7 7 7 7 7 8 3 3 3 3 8 3 3 3 3 3 3 3 3  3 3 4 4 4 8 4 4 4 4 4 4 4 4 8 4 4 4 4 4 8 4 7 7 8 7 7 7 8 7 7 8 7 7 7 7  7 7 8 7 7 7 7 7 7 3 3 8 3 3 3 3 3 3 3 3 3 3 3 4 4 4 4 8 4 4 4 4 4 4 4 4  4 4 4 4 4 4 4 4 7 7 7 7 7 7 7 7 7 7 7 7 7 7 7 7 7 7 7 7 7 7 7 3 8 3 3 3  3 3 3 3 3 3 3 8 4 4 4 4 4 4 4 4 4 4 8 4 8 4 4 8 4 4 4 4 4 4 7 8 7 8 7 7  7 7 7 7 7 7 7 7 7 7 7 7 7 7 7 7 7 7 3 3 3 3 3 3 3 8 3 3 3 3 8 4 4 4 4 4  4 4 4 4 4 4 8 8 4 4 4 4 4 4 4 4
2
