False
30
False
58
58
20
True
0.1
0.0001
10000
338
True
2
10857
198269139900
151 151 150 150 150 150 151 150 150 151 150 151 150 150 149 150 150 151 150 151
0.09631391 0.09631391 0.10225922 0.10225922 0.10225922 0.10225922 0.09631391 0.10225922 0.10225922 0.09631391 0.10225922 0.09631391 0.10225922 0.10225922 0.10820452 0.10225922 0.10225922 0.09631391 0.10225922 0.09631391
0.10820451843043989
 True  True  True  True  True  True  True  True  True  True  True  True  True  True  True  True  True  True  True  True
0 1 0 0 0 0 0 0 0 0 0 0 0 0 0 0 0 1 0 0 0 0 0 0 0 0 0 0 0 0 0 0 1 0 0 0  0 0 0 0 0 0 0 0 0 0 0 0 0 0 0 0 0 1 0 0 0 0 0 0 0 0 0 0 0 0 0 0 0 0 0 0  0 0 0 0 0 0 0 1 0 0 0 1 0 0 0 0 0 0 0 0 0 0 0 0 0 0 0 0 0 0 0 0 0 0 0 1  0 0 0 0 0 0 0 0 0 0 0 0 0 0 0 1 0 0 0 0 0 0 0 0 0 0 0 0 0 0 0 0 0 0 0 0  0 1 0 0 1 0 0 0 0 0 0 0 0 0 0 0 0 0 0 0 0 0 0 0 0 1 0 0 0 1 0 0 1 0 0 0  0 0 0 0 0 0 0 0 1 1 1 0 0 0 0 1 0 0 0 0 0 0 0 0 1 0 1 0 0 0 0 0 0 0 0 0  0 0 0 0 0 0 0 0 0 0 0 0 0 1 0 0 0 0 0 1 0 0 1 1 0 0 1 0 1 0 0 0 0 0 0 0  0 0 0 0 0 0 0 1 0 0 0 0 0 0 0 2 0 0 0 0 0 0 0 0 0 0 0 0 0 0 0 0 0 0 0 0  0 0 0 1 0 0 1 0 0 0 0 0 0 0 0 0 0 0 0 0 0 0 0 0 1 0 0 1 0 0 0 0 0 0 0 0  0 0 0 0 0 0 1 1 1 0 0 0 1 1 0 0 0 0 0 0 0 0 0 0 0 0 0 0 0 0 1 0 0 0 0 0  0 0 0 0 0 0 0 0 0 0 2 0 0 0 0 0 0 0 0 0 0 0 0 0 0 0 0 0 0 0 0 0 0 0 0 0  0 0 1 1 0 0 0 0 0 0 0 0 1 0 1 0 0 0 0 0 0 0 0 0 1 0 0 0 0 0 0 0 0 0 0 0  2 1 0 0 0 0 0 1 0 0 0 0 1 0 0 0 0 0 0 0 0 0 0 1 0 0 0 1 0 0 0 0 1 1 1 0  0 0 0 0 0 0 0 0 1 0 0 0 0 0 0 0 1 0 0 0 0 1 0 1 0 0 0 0 0 0 0 0 0 0 0 0  0 0 0 0 0 0 2 1 0 0 0 0 1 1 0 1 0 0 0 1 0 0 0 0 0 0 0 1 0 0 0 1 0 0 0 1  0 0 0 0 0 0 0 0 0 0 0 0 0 0 0 0 0 0 0 0 0 0 0 0 1 0 0 0 0 0 0 0 0 0 0 0  0 0 0 0 0 0 1 0 0 0 0 0 0 0 0 0 1 0 0 0 0 2 1 0 0 0 0 0 0 0 0 0 0 0 0 0  0 0 0 0 0 0 0 0 0 0 0 0 0 1 0 0 0 0 0 0 0 0 0 0 0 0 0 0 0 0 0 0 0 0 0 0  0 0 0 0 0 0 0 0 0 0 0 0 0 0 0 0 0 0 0 0 0 0 0 0 0 0 0 0 0 0 0 0 0 0 0 0  0 0 0 0 0 0 0 0 0 0 1 0 0 0 1 0 0 0 0 0 0 1 0 0 0 0 0 0 0 0 0 1 0 0 0 0  0 0 1 0 1 0 0 0 0 0 1 0 0 0 0 0 0 0 0 0 0 0 0 0 1 0 0 0 0 0 0 0 0 0 0 0  0 1 0 0 1 1 0 0 1 0 0 0 1 0 0 0 0 0 0 0 1 0 0 0 0 0 0 2 0 0 0 0 0 0 0 0  0 0 1 0 0 0 0 0 0 0 0 0 0 0 0 0 0 0 0 1 0 0 0 0 1 0 0 0 0 0 0 0 0 0 0 0  0 0 0 0 1 0 0 0 0 1 0 0 0 0 0 0 0 0 0 1 0 1 0 0 0 0 0 0 0 1 0 0 0 0 0 0  0 0 0 0 0 0 0 1 0 0 0 1 0 0 0 0 0 0 0 0 0 0 0 0 0 0 0 0 1 0 1 0 0 0 0 0  0 0 0 0 0 1 0 0 1 0 0 0 0 0 0 0 0 0 0 0 0 0 0 0 1 0 0 0 0 0 0 0 0 0 0 0  0 0 0 0 0 0 1 0 0 0 1 0 0 0 1 0 0 0 0 0 0 0 1 0 0 0 0 0 0 0 0 0 0 0 0 2  0 0 0 0 0 0 0 0 0 0 0 0 0 0 0 0 1 0 0 0 0 0 0 0 0 0 0 0 0 0 0 1 1 0 0 0  0 0 1 0 0 0 0 0 0 0 0 0 0 0 0 0 0 0 0 0 0 0 0 0 1 0 0 0 0 0 0 1 0 0 0 0  0 0 0 0 0 0 0 0 0 0 2 0 0 0 0 0 0 1 0 1 0 0 0 0 1 0 0 0 0 0 1 0 0 1 0 0  0 1 0 0 0 0 0 0 0 2 0 0 0 1 0 0 0 0 0 0 0 1 0 0 0 0 0 0 0 0 0 0 0 0 0 0  0 1 0 0 0 0 0 0 0 0 0 0 0 0 0 0 0 0 0 0 0 0 0 0 0 0 0 0 0 0 0 0 0 0 0 0  1 0 0 0 0 0 0 0 0 0 0 0 0 0 0 1 0 0 0 0 0 0 1 1 0 0 0 0 0 0 0 0 0 0 1 0  0 0 0 0 0 0 0 0 0 0 1 0 0 0 0 0 0 0 0 0 0 0 0 1 0 0 0 0 0 1 0 0 0 0 0 1  0 0 0 0 0 0 0 0 0 0 0 0 0 0 0 0 0 0 0 0 0 0 0 0 0 0 0 0 0 0 0 0 0 0 0 0  0 0 0 0 0 0 0 1 0 0 0 0 0 0 0 0 0 0 0 0 0 0 0 0 0 0 0 1 0 0 0 1 0 0 0 0  0 1 0 0 0 0 0 1 1 0 0 0 0 0 0 0 0 0 0 0 1 0 0 0 0 0 0 0 0 0 0 0 0 0 0 0  0 0 0 0 0 0 0 0 0 0 0 0 0 0 1 0 1 0 0 0 0 0 0 0 1 0 0 0 0 0 0 0 0 0 0 1  0 1 0 0 1 0 0 0 0 0 0 0 1 0 0 0 2 0 0 0 0 0 0 0 0 0 0 0 0 0 0 0 0 0 1 0  0 0 1 1 0 0 1 0 0 0 0 0 0 0 0 0 0 0 0 1 0 0 0 0 0 1 0 0 0 0 0 0 0 0 0 0  0 0 0 0 0 1 0 1 0 0 0 0 0 1 0 0 0 0 0 0 0 0 0 0 0 0 0 0 0 0 0 0 0 0 0 0  0 0 0 0 0 0 0 0 0 0 0 0 0 0 0 0 0 0 1 0 0 0 0 0 0 0 0 1 0 0 0 0 0 0 0 0  0 0 0 0 0 0 0 0 0 1 0 0 2 0 0 0 0 0 0 0 0 0 1 0 0 1 0 0 0 0 0 0 0 0 0 1  0 0 0 0 0 0 0 0 0 0 0 1 0 0 0 0 0 0 0 0 0 0 0 0 0 1 0 0 0 0 0 0 0 0 1 0  0 0 0 0 1 0 1 0 0 0 0 0 0 0 0 0 0 0 0 1 0 0 0 0 0 0 0 0 0 0 0 0 0 0 0 0  0 0 0 0 0 1 0 0 0 1 0 0 0 0 0 1 0 0 0 0 0 0 0 0 0 1 0 0 1 0 1 0 1 0 0 0  0 0 0 0 0 0 0 0 0 0 0 0 0 0 1 1 0 0 0 0 0 0 0 0 0 0 1 0 0 0 0 1 0 0 0 0  0 0 0 0 0 1 1 0 0 0 0 0 0 1 0 0 0 1 0 0 0 0 0 0 0 0 0 0 0 0 0 0 0 0 0 0  0 0 0 0 0 0 0 0 0 0 0 0 0 0 0 1 0 0 0 0 0 0 0 0 0 0 0 0 0 0 0 0 0 0 0 0  0 0 0 0 0 0 0 0 2 0 0 0 0 0 0 0 0 0 0 0 0 0 0 0 0 0 0 1 0 0 0 1 0 0 0 0  0 0 1 0 0 0 1 1 0 0 0 0 0 0 1 0 0 0 0 0 0 0 0 0 0 0 2 0 0 0 0 0 0 0 0 0  0 0 0 0 0 0 0 1 0 0 0 0 0 0 0 0 1 0 0 0 0 0 0 0 0 1 0 0 0 0 0 1 0 0 0 0  0 0 0 0 0 0 0 0 0 0 0 0 1 0 0 0 0 0 0 0 0 0 0 0 0 0 0 0 0 0 0 0 0 0 0 0  0 0 0 0 1 1 0 0 0 0 0 0 0 0 0 0 0 0 0 0 1 0 1 0 0 0 0 1 0 0 0 0 0 0 0 0  0 0 0 0 0 0 0 0 0 0 0 0 0 0 0 0 0 0 0 0 0 0 1 0 0 0 0 0 0 0 0 0 0 0 0 0  0 0 0 1 0 0 1 0 0 0 1 0 1 0 0 0 1 0 0 0 1 0 0 0 0 0 0 0 0 0 0 0 1 0 0 1  0 0 0 0 1 0 0 0 0 0 0 0 0 0 0 0 0 0 1 0 0 0 0 0 0 0 0 0 1 1 0 0 0 0 0 0  0 0 1 0 0 0 0 0 0 0 0 0 0 0 0 0 0 0 0 0 0 0 0 0 0 0 0 0 0 0 0 0 0 0 0 0  0 0 0 0 0 0 0 0 0 0 0 0 0 0 0 0 0 0 0 1 0 0 0 0 0 0 0 0 0 0 0 0 0 0 0 0  0 0 0 0 0 0 1 0 0 0 0 0 0 0 1 0 0 0 0 0 0 0 0 0 0 1 0 0 0 0 0 0 0 0 0 0  0 0 0 0 1 0 0 0 1 0 0 0 0 0 0 0 0 0 0 0 0 0 0 0 0 0 0 0 0 0 0 0 0 0 0 0  0 1 0 0 0 0 0 0 0 0 0 0 0 0 0 0 0 0 0 0 0 0 1 0 0 0 1 0 0 0 0 0 0 0 1 0  0 0 0 0 0 0 1 0 0 0 0 0 1 0 0 0 0 0 0 0 0 0 0 0 0 0 0 0 0 0 0 0 0 0 0 0  0 0 0 0 0 0 0 1 0 0 0 0 0 0 0 0 0 0 0 0 0 0 0 0 0 1 0 1 0 0 0 1 0 0 1 0  0 0 0 0 0 1 0 0 0 0 1 0 0 0 0 0 1 0 0 0 0 0 1 0 0 0 0 0 0 0 0 0 2 0 0 0  0 0 0 0 0 0 0 0 0 0 0 0 0 0 0 1 0 0 0 0 0 0 0 0 1 0 1 0 0 0 0 1 0 0 0 0  0 0 0 0 0 0 0 0 0 0 0 0 0 0 0 1 0 0 0 0 1 0 0 0 1 0 0 0 1 0 0 0 0 0 0 1  0 0 0 0 0 0 0 0 0 0 0 0 0 1 0 0 0 1 0 1 1 1 0 0 0 1 0 0 0 0 0 0 0 0 0 0  0 0 0 0 0 0 0 1 0 0 0 0 0 0 0 0 0 0 0 0 1 0 1 0 0 0 0 1 0 0 0 0 0 1 0 0  0 1 0 0 0 0 0 0 1 0 0 0 0 0 0 0 0 0 0 0 0 0 0 0 0 0 0 1 0 0 0 1 0 0 0 0  0 0 1 0 0 0 1 0 0 0 0 0 0 0 0 0 0 0 0 0 0 1 0 0 0 0 0 1 0 1 0 0 0 0 0 0  0 0 0 0 0 0 0 0 0 0 0 0 1 1 1 0 0 0 0 0 0 0 0 0 0 0 0 0 1 0 0 0 0 0 0 0  0 0 0 0 0 0 0 0 0 0 0 0 1 0 0 0 1 0 0 0 0 0 2 0 0 0 0 0 0 0 1 1 0 0 0 1  0 0 0 0 0 0 1 0 0 0 0 0 0 0 1 0 0 0 0 1 0 0 0 0 0 0 0 0 1 0 0 0 0 1 0 0  0 0 0 0 0 0 0 0 0 0 0 0 0 0 0 0 0 1 0 1 0 0 0 1 0 0 0 0 0 0 0 1 0 0 0 0  0 0 0 0 2 0 0 0 0 0 0 1 1 0 0 0 0 0 1 0 0 0 0 0 0 0 0 0 0 0 0 0 1 0 0 0  0 2 0 0 1 0 0 0 0 0 0 0 0 0 0 0 0 0 0 1 0 0 0 0 0 0 0 1 0 0 0 0 0 0 0 0  0 0 0 0 0 0 0 0 0 0 0 0 0 0 0 0 0 0 1 0 0 0 0 0 0 0 0 0 0 0 0 0 0 0 0 2  0 0 0 0 0 0 0 0 0 0 0 0 0 0 0 0 0 0 0 1 0 0 0 0 0 0 0 0 0 0 0 0 0 0 0 0  0 0 0 1 0 0 0 0 0 0 0 0 0 0 0 0 0 0 0 0 0 0 0 0 0 1 0 0 0 0 0 1 0 0 0 0  1 0 0 0 0 0 0 0 1 0 0 0 0 0 0 0 0 0 0 0 0 0 0 0 0 0 0 0 0 1 0 0 0 0 0 0  1 2 0 0 0 0 0 0 0 1 0 0 0 0 0 0 0 0 0 0 0 0 0 0 0 0 0 0 0 0 0 0 0 0 1 0  0 0 0 0 0 0 0 0 1 0 0 1 1 0 0 0 0 0 0 0 0 0 0 0 0 0 0 0 0 0 0 0 1 0 0 1  0 0 0 0 0 0 0 0 0 0 1 0 0 0 0 0 0 0 0 0 0 1 0 0 0 0 0 0 0 0 0 0 0 0 0 0  0 0 0 0 0 0 0 0 0 2 0 0 0 0 0 0 0 0 0 1 1 0 0 0 0 0 0 1 0 0 0 0 0 0 0 0  0 0 0 0 0 0 0 0 0 0 0 0 0 0 0 1 0 1 0 0 0 1 0 0 0 0 0 0 1 0 0 0 0 0 1 0  0 0 1 0 0 0 0 1 0 0 0 0 0 0 0 1 0 0 0 0 0 0 0 0 0 0 0 0 1 1 0 0 0 0 0 0  0 0 0 0 0 0 0 0 0 0 0 0 0 0 0 0 0 0 0 1 0 0 0 0 1 0 1 0 0 1 0 0 0 0 0 0  1 0 0 0 0 0 0 0 0 0 0 0 0 0 0 0 1 0 0 0 0 0 0 0 0 1 1 0 1 0 0 0 0 0 0 0  0 0 0 1 1 1 1 0 0 0 0 0 0 0 1 0 0 0 0 0 0 0 0 0 0 0 0 0 0 0 0 1 0 0 1 0  0 0 0 0 0 0 0 0 0 0 0 0 0 0 0 0 0 0 0 0 1 0 0 0 0 0 0 1 0 0 0 0 0 1 0 0  0 1 0 0 1 0 0 0 0 0 0 0 1 1 0 0 0 0 0 0 0 0 0 0 1 1 0 0 0 0 0 0 0 0 0 0  0 0 0 0 0 0 0 0 0 0 0 0 0 0 0 0 0 0 0 0 0 0 0 1 0 0 0 0 0 0 0 0 0 1 0 0  0 0 0 0 0 0 0 0 0 0 0 0 0 0 1 0
 1 20  1  1  1  1  1  1  1  1  1  1  1  1  1  1  1 20  2  2  2  2  2  2   2  2  2  2  2  2  2  2 20  0  0  0  0  0  0  0  0  0  0  0  0  0  0  0   0  0  0  0  0 20  0  0  3  3  1  1  1  1  1  1  1  1  1  1  1  1  1  1   1  1  1  1  1  1  1 20  2  2  2 20  2  2  2  2  2  2  0  0  0  0  0  0   0  0  0  0  0  0  0  0  0  0  0 20  0  0  0  0  0  0  3  3  1  1  1  1   1  1  1 20  1  1  1  1  1  1  1  1  1  1  1  1  1  1  2  2  2  2  2  2   2 20  2  2 20  0  0  0  0  0  0  0  0  0  0  0  0  0  0  0  0  0  0  0   0 20  0  3  3 20  1  1 20  1  1  1  1  1  1  1  1  1  1  1 20 20 20  1   1  1  1 20  1  1  2  2  2  2  2  2 20  2 20  0  0  0  0  0  0  0  0  0   0  0  0  0  0  0  0  3  3  0  0  3  3 20  3  3  1  1  1 20  1  1 20 20   1  1 20  1 20  1  1  1  1  1  1  1  1  1  1  1  2  2  2 20  2  2  2  2   0  0  0  0  0  0  0  0  0  0  0  0  0  3  3  3  3  3  3  3  3  3  3  3   3  3  1 20  1  4 20  4  4  4  4  4  4  4  4  1  1  1  1  1  1  1  1  1  20  1  2 20  2  2  2  2  2  2  2  0  0  0  0  0  0  0 20 20 20  0  3  3  20 20  3  3  3  3  3  3  3  3  3  3  1  1  4  4  4  4 20  4  4  4  4  4   4  4  4  4  1  1  1  1  1  1  1  1  2  2  2  2  2  2  2  2  2  0  0  0   0  0  0  0  0  0  0  3  3  3  3  3  3  3 20 20  3  3  3  3  3  3  1  1  20  4 20  4  4  4  4  4  4  4  4  4 20  4  4  4  1  1  1  1  1  1  2  2   2 20  2  2  2  2  2 20  0  0  0  0 20  0  0  0  0  3  3  3  3  3  3 20   3  3  3 20  3  3  3  3 20 20 20  4  4  4  4  4  4  4  4  4 20  4  4  4   4  4  4  1 20  1  1  1  2 20  2 20  2  2  2  2  2  2  2  0  0  0  0  0   0  0  0  3  3  3  3 20  3  3  3  3 20 20  3 20  3  3  7 20  4  4  4  4   4  4  4 20  4  4  4 20  4  4  4 20  4  4  1  1  1  1  2  2  2  2  2  2   2  2  2  2  2  2  2  0  0  0  0  0 20  3  3  3  3  3  3  3  3  3  3  3   3  3  3  3  7  7 20  4  4  4  4  4  4  4  4  4 20  4  4  4  4  4 20  4   1  1  1  1  2  2  2  2  2  2  2  2  2  2  2  2  2  2  0  0  0  0  0  3   3 20  3  3  3  3  3  3  3  3  3  3  3  3  7  7  4  4  4  4  4  4  4  4   4  4  4  4  4  4  4  4  4  4  4  1  1  1  2  2  2  2  2  2  2  2  2  2   2  2  2  2  2  0  0  0  0  3  3  3  3  3  3  3  3  3  3  3  3  3 20  3   7  7 20  4  4  4  4  4  4 20  4  4  4  4  4  4  4  4  4 20  4  1  1  1   2  2 20  2 20  5  5  5  2  2 20  2  2  2  2  2  0  0  0  0  3  3  3  3  20  3  3  3  3  3  3  3  3  3  7  7  7 20  4  7 20 20  7  7 20  4  4  4  20  4  4  4  4  4  4  1 20  1  2  2  2  5  5  5  5  5  5  2  2  2  2  2   2  2 20  0  0  0  3  3  3  3  3  3  3  3  3  3  3  3  3 20  7  7  7  7  20  7  7  7  7  7  7  7  4  4  4  4  4  4  4  4 20  1  1  1  2 20  5  5   5  5  5  5  5  5  5 20  2 20  2  2  2  2  6  6  6 20  6  3  3  3  3  3   6  6  6  3  3  3  7 20  7  7  7 20  7  7  7  7  7  7  7  4  4  4  4  4   4  4  4  4 20  1 20  5  5  5  5  5  5  5  5  5  5 20  5  5 20  2  2  6   6  6  6  6  6  6  6  6  6  6  6  6 20  6  6  6  7  7  7  7  7  7  7  7   7  7  7  7  7  7 20  4  4  4 20  4  4  4 20  1  5  5  5  5  5  5 20  5   5  5  5  5  5  5  5  2  6  6  6  6  6  6  6  6  6  6  6  6  6  6  6  6   6  6  7  7 20  7  7  7  7  7  7  7  7  7  7  7  7 10 10 20 20  4 10  4   4  1 20  5  5  5  5  5  5  5  5  5  5  5  5  5  5  6  6  6  6  6  6  8  20  6  6  6  6  6  6 20  6  6  6  6  7  7  7  7  7  7  7  7  7  7  7  7   7  7  7 10 10 20 10 20 10 10 10 10 20  5  5  5  5  5 20  5  5 20  5  5   5 20  6  6  6  6  6  6  8  8  8  8  6 20  6  6  6  6  6  6  6 20  7  7   7  7  7  7  7  7  7  7  7  7  7  7  7 20 10 10 10 10 10 10 10 10 10  5   5  5  5  5  5  5  5  5  5  5  5  5  5  6  6  6  6  6  8  8  8  8  8  8  20  6  6  6  6  6  6  6  7  7  7  7  7  7  7 20  7  7  7  7  7  7 20 20  10 10 10 10 10 10 10 10 10 10 20  5  5  5  5  5  5  5  5  5  5  5 20  5   6  6  6  6  8  8  8  8  8  8  8 20  6  6  6  6  6 20  7  7  7  7  7 20   7  7  7  7  7  7  7  7 10 10 10 10 10 10 10 10 10 10 10 10 10  5  5  5   5  5  5  5  5  5  5  5  5  5  6  6  6  6  8  8  8  8  8 20  9  6  6  6   6  6  6  6  7  7  7  7  7  7  7  7  7  7  7 20  7  7  7 20 10 10 10 10  10 20 10 10 10 10 10 20 20  5  5  5  5  5  5  5  5  5  5  5 20  6  6  6   8  8  8  8  8  9  9  9  6  6  6  6  6  6  7  7  7  7  7  7 16  7  7  7   7 10 20 10 20 10 10 10 10 10 10 10 20 10 10 10 10 10 10  5  5  5  5 20   5 20  5  5 20  5  5  6  6  6  8  8 20  8  8  9  9  9  9  6  6  6  6  6   7  7  7 16 16 16 16 16 16 16 20 10 10 10 20 20 10 10 20 10 10 10 10 10  10 10 10 10 10 10 10 20  5  5  5  5  5 20  5  5  5  5  6  6  8  8  8  8   9  9  9  9  9 20  6 20  6  6  7  7 16 20 16 16 16 16 16 16 16 10 10 10  10 10 10 10 10 10 10 10 10 10 10 10 10 10 10 10 10 10 11  5  5  5  5  5   5  5  5  6  6  6 20  8  8  8  8  9  9  9  9 20  6  6  6  6  7 16 16 16  16 16 16 16 16 16 16 16 16 20 10 10 10 10 10 10 10 10 10 10 10 10 20 10  10 20 10 11 11 11 11  5  5  5  5 20  5  6  6  6  8  8  8  8  8  9  9 20   9  9  9  6  6  6  7 16 16 16 16 16 16 20 16 16 16 16 16 10 10 10 20 10  10 10 10 10 20 13 20 10 10 10 10 10 11 11 11 11 11 11 11 20  5  5 11  6   6  6  8  8  8  8  8  8  9  9  9  9  9  6  6  6  7 20 16 16 16 20 16 16  16 16 16 20 16 10 10 10 10 10 10 10 10 20 13 13 20 10 20 10 20 11 11 11  11 11 11 11 11 11 11 11 11 11 11  6  8  8 20 20  8  8  9  9  9  9  9  9   6  6 20 14 16 16 16 20 16 16 16 16 16 16 16 10 10 20 20 10 10 13 13 13  13 20 13 13 13 20 12 11 11 11 11 11 11 11 11 11 11 11 11 11 11 11 11  8   8  8  8  8  8  9  9  9  9  9  6  6 14 14 16 20 16 16 16 16 16 16 16 16  16 10 10 10 13 13 13 13 13 13 13 13 13 13 13 12 12 12 11 11 11 11 11 11  11 11 11 11 11 11 11 11 11 11  8  8  8  8  8 20  9  9  9 20  6  6 14 14  16 16 20 16 16 16 20 20 16 16 16 13 10 13 20 13 13 13 13 13 13 13 13 13  13 12 12 12 11 11 11 11 11 11 11 11 11 11 11 11 11 11 11 20  8  8  8  8   8  8  8  9 20  9  9  6 14 14 14 16 16 20 16 16 16 13 13 20 13 13 13 13  13 13 13 13 13 13 13 13 13 13 13 12 20 12 12 11 11 11 11 11 11 11 11 11  11 11 11 11 11 11 11  8  8  8  8  8  8  9  9  9 20 20 14 14 14 16 16 16  16 16 16 13 13 13 13 13 20 13 20 13 13 13 13 20 13 13 13 13 13 13 12 12  12 11 11 11 11 11 11 11 11 11 11 11 11 11 11 11 11 11  8  8  8  8 20  8   9  9  9  9 14 14 14 16 16 16 16 16 16 16 16 20 13 13 20 13 13 13 20 13  20 13 13 13 20 13 13 13 20 12 12 12 11 11 11 11 11 11 11 11 20 11 11 20  11 11 11 11 20  8  8  8  8  8  9  9  9  9 14 14 14 14 20 16 16 16 16 16  16 13 13 13 20 20 13 13 13 13 13 13 13 13 20 13 13 13 12 12 12 12 12 11  11 11 11 12 11 11 11 11 11 11 11 11 11 11 11  8  8  8  8  8  9  9  9  9  14 14 14 14 14 16 16 16 16 16 16 16 13 13 13 13 13 13 13 20 13 13 13 13  13 13 13 13 12 12 12 12 12 12 12 12 12 12 12 12 12 12 20 11 11 11 11 11  11  8 20  8  8  8  9  9  9  9 14 14 14 20 14 14 16 16 16 16 16 16 13 13  13 13 13 13 20 13 13 13 20 13 13 13 13 13 17 12 12 12 12 12 12 12 12 12  12 12 12 12 12 12 12 11 11 11 11  8  8 20  8  8  8  9  9  9 14 14 14 14  14 14 14 16 16 16 16 16 18 18 20 13 13 13 20 13 13 13 13 13 13 13 20 17  17 17 12 12 12 12 20 12 12 12 12 12 20 12 12 12 12 11 11 11 11 11  8  8   8  8  8  9  9  9 14 14 14 14 14 14 14 14 16 16 16 16 18 20 18 13 13 13  13 13 13 13 13 13 13 13 18 18 17 17 17 20 12 20 12 12 12 20 12 12 20 12  12 12 12 12 11 20  8  8  8  8 20  8  8  9  9  9 20 14 14 14 14 14 20 14  16 16 16 16 18 18 18 13 13 13 13 13 18 18 13 13 18 18 18 18 18 18 17 17  17 17 12 20 12 12 12 12 12 12 12 12 20 12 20  8  8  8  8 20  8  8  8  9   9  9 14 14 14 14 14 14 14 14 14 16 16 16 18 20 18 18 13 13 20 18 18 18  20 18 18 18 20 18 18 18 17 17 17 20 12 12 12 12 12 12 12 12 12 12 12 12  12 20  8  8  8 20  8 20 20 20  9  9 14 20 14 14 14 14 14 14 14 16 16 16  16 18 18 18 18 18 18 20 18 18 18 18 18 18 18 18 18 18 17 17 20 15 20 12  12 12 12 20 12 12 12 12 12 20 12 12 12 20  8  8  8  8  8  8 20  9 14 14  14 14 14 14 14 14 14 14 16 16 16 18 18 18 18 20 18 18 18 20 18 18 18 18  18 18 20 17 17 17 20 15 15 15 12 12 12 12 12 12 12 12 12 12 12 20 12  8   8  8  8 20  8 20  9  9 14 14 14 14 14 14 14 14 14 19 16 16 16 16 18 18  20 20 20 18 18 18 18 18 18 18 18 18 17 17 17 17 20 15 15 15 15 15 15 12  12 12 12 12 12 12 12 12 12  8  8  8 20  9  9  9 20  9 14 14 14 14 14 14  14 14 14 19 16 16 20 20 18 18 18 20 18 18 18 18 18 18 20 18 18 17 17 17  17 17 20 17 15 15 15 20 15 15 12 12 12 12 12 12 20 12 12  8  8 20  9  9   9  9  9  9 14 14 14 14 14 14 14 14 14 19 16 16 16 20 18 20 18 18 18 20  18 18 18 18 18 17 17 20 17 17 17 17 17 17 15 15 15 15 15 15 15 12 12 20  20 12 12 12 12  8 20  8  9  9  9  9  9  9 14 14 14 14 14 14 20 14 19 19  16 16 16 16 20 18 18 18 18 18 18 18 18 17 17 17 17 17 17 20 17 17 17 17  17 15 15 20 15 15 15 15 15 15 12 12 12 12  8  8  8  8  9  9  9  9  9  9  14 14 14 14 14 14 20 19 19 19 19 16 19 19 19 19 18 18 18 18 18 18 18 17  17 17 17 17 17 17 17 17 17 17 17 17 15 15 15 15 15 15 15 20 15 15 15 15   8  8  8  9  9  9  9  9  9  9 14 14 14 14 14 20 19 19 19 19 19 19 19 19  19 19 19 18 18 18 18 18 18 17 17 17 17 20 17 17 17 17 17 20 17 17 17 15  20 15 15 15 15 15 15 15 20 15 15 15  8  9  9  9  9  9  9  9 14 14 14 14  14 14 19 19 19 20 19 19 19 19 19 19 20 18 19 18 18 18 18 18 18 20 17 17  17 17 17 17 17 17 17 17 17 17 15 15 15 15 15 15 15 15 15 15 15 15 20  9   9  9  9  9  9  9 14 14 20 14 14 20 20 19 19 19 19 19 19 19 19 19 19 19  19 19 18 18 18 18 18 18 20 17 17 20 17 17 17 17 17 17 17 17 17 15 20 15  15 15 15 15 15 15 15 15 15 20  9  9  9  9  9  9 14 14 14 14 14 19 19 19  19 19 19 19 19 19 19 19 19 19 19 19 19 18 18 18 18 18 18 20 20 17 17 17  17 17 17 20 17 17 17 15 15 15 15 15 15 15 15 15 15 15 15  9  9  9  9  9   9  9 14 20 14 20 19 19 19 20 19 19 19 19 19 19 20 19 19 19 19 19 20 18  18 18 20 18 18 18 18 20 17 17 17 17 17 17 17 20 17 17 15 15 15 15 15 15  15 15 15 15 20 20  9  9  9  9  9  9 14 14 14 19 19 19 19 19 19 19 19 19  19 19 19 19 19 19 19 20 18 18 18 18 20 18 20 18 18 20 17 17 17 17 17 17  20 17 17 17 15 15 15 15 15 15 15 15 15 15 15 15 20  9  9  9  9  9 14 14  14 20 20 19 20 19 19 19 19 19 19 19 19 19 19 20 20 20 20 19 19 19 19 19  18 18 20 17 17 17 17 17 17 17 17 17 17 17 15 15 15 15 15 20 15 15 20 15  15 15 15 15 15  9  9  9 14 14 14 19 19 19 19 19 19 19 19 19 20 19 19 19  19 19 19 20 19 19 19 19 19 20 18 18 18 20 17 17 20 17 17 17 17 17 17 17  20 20 15 15 15 15 15 15 15 15 15 15 20 20 15 15 15  9 14 14 14 19 19 19  19 19 19 19 19 19 19 19 19 19 19 19 19 19 19 19 19 19 19 19 18 18 18 20  17 17 17 17 17 17 17 17 17 20 15 15 15 15 15 15 15 15 15 15 15 15 15 15  15 15 20  9
3
