False
30
False
58
58
14
False
0.1
0.001
10000
336
True
1
3523
70086773400
215 215 216 215 215 216 215 215 216 216 215 215 215 215
0.10107015 0.10107015 0.09690844 0.10107015 0.10107015 0.09690844 0.10107015 0.10107015 0.09690844 0.09690844 0.10107015 0.10107015 0.10107015 0.10107015
0.10107015457788344
 True  True  True  True  True  True  True  True  True  True  True  True  True  True
0 0 0 0 0 0 0 0 0 1 0 0 1 0 0 0 0 0 0 0 0 0 0 1 0 0 1 0 0 0 0 0 1 0 1 0  0 0 0 0 0 0 0 0 0 0 0 0 0 0 0 0 0 0 0 0 0 0 0 0 0 0 0 0 0 0 0 0 0 0 0 0  0 0 0 0 0 0 0 0 0 0 0 0 0 0 0 0 0 0 0 0 1 0 1 0 0 0 0 0 0 0 0 0 0 0 0 0  0 0 0 0 0 0 0 0 0 0 0 0 0 0 0 0 0 0 0 0 0 0 0 0 0 0 0 0 0 0 0 0 0 0 0 0  0 0 0 0 0 0 1 0 0 0 0 0 0 0 0 0 0 0 0 0 0 0 0 0 0 0 0 0 0 0 0 0 0 0 0 0  0 0 0 0 0 0 0 0 0 0 0 0 0 0 0 0 0 0 0 1 0 0 0 0 0 0 0 0 0 0 0 0 0 0 0 0  0 0 0 0 0 1 0 0 0 0 0 0 0 0 0 0 0 0 0 0 0 0 0 0 1 0 0 0 0 0 0 0 0 0 0 0  1 0 0 0 0 0 1 0 0 0 0 0 0 0 0 0 0 0 0 0 0 0 0 0 0 0 0 0 0 0 0 0 0 0 0 0  0 0 0 0 0 0 0 0 0 0 0 0 0 1 0 0 0 0 0 0 0 1 0 0 0 0 0 1 1 0 0 0 1 0 0 1  1 0 0 0 0 0 0 0 0 0 0 0 0 0 0 0 1 0 0 0 0 0 0 0 0 0 0 0 0 0 0 0 0 0 0 0  0 0 0 0 0 0 0 0 0 1 0 0 0 0 0 0 0 0 0 0 1 0 0 0 0 0 0 0 0 1 2 0 0 0 0 0  0 0 0 0 0 0 0 0 0 0 0 0 0 0 0 0 0 1 0 0 0 0 0 0 0 0 0 0 0 0 0 0 0 1 0 0  0 0 0 0 0 0 0 0 0 0 1 0 0 0 1 0 0 0 0 0 0 0 0 0 1 0 1 0 0 0 0 0 0 0 0 0  0 0 0 0 0 0 0 0 0 0 1 0 0 0 0 1 0 0 0 0 1 0 0 0 0 0 0 0 0 0 1 0 1 0 0 0  0 0 0 0 0 0 0 0 0 0 0 0 0 1 0 0 0 0 0 0 0 0 0 0 0 0 1 0 1 0 0 0 0 0 0 0  0 0 0 0 0 0 0 0 0 0 0 0 0 0 0 0 0 1 0 0 0 0 0 0 0 0 0 0 0 0 0 0 0 0 1 0  0 0 1 0 0 0 0 0 0 1 0 0 0 0 0 0 0 0 0 0 0 0 0 1 0 0 0 0 0 0 0 0 0 0 0 0  0 0 0 0 0 1 0 0 0 0 0 0 0 0 0 0 0 0 0 0 0 0 0 0 0 0 0 0 0 0 1 0 1 0 0 1  0 1 0 0 0 0 0 0 0 0 0 0 1 0 0 0 0 0 0 0 1 0 0 0 0 0 0 0 0 1 1 0 0 0 0 0  0 0 0 0 1 0 0 0 0 0 0 0 0 0 0 0 0 0 0 0 0 0 0 0 0 0 0 0 0 0 0 0 0 0 0 0  1 0 0 0 0 0 0 0 1 0 0 0 0 0 0 2 0 0 1 0 0 0 0 0 0 0 0 0 0 0 0 0 0 0 0 0  0 0 0 0 0 1 1 0 0 0 0 0 0 0 0 0 1 0 0 1 0 1 0 0 0 0 0 0 0 0 0 0 0 0 0 0  0 0 0 0 0 0 0 0 1 0 0 0 0 1 0 0 0 0 1 0 0 0 0 0 0 0 0 1 0 0 0 1 0 0 0 0  0 0 0 0 0 0 0 0 0 0 0 0 0 0 0 0 0 0 1 0 0 0 0 0 0 0 0 1 0 0 0 0 0 0 0 0  0 0 0 0 1 0 0 0 0 0 0 0 0 1 0 1 0 0 0 0 0 2 0 0 0 0 1 0 0 0 0 0 0 0 0 0  0 0 0 0 0 0 0 0 0 0 1 0 0 0 0 0 1 0 0 0 0 0 0 0 0 0 0 0 0 0 0 0 0 1 0 0  0 0 0 0 0 0 0 0 0 0 0 0 1 0 0 1 0 0 0 0 0 0 0 0 0 0 0 0 0 0 0 0 1 0 0 2  0 0 0 0 0 0 0 0 0 0 0 0 0 0 0 0 0 0 0 0 0 0 1 0 0 0 0 0 0 0 0 0 0 0 0 1  0 0 0 1 0 0 0 0 0 0 0 0 0 0 0 0 0 0 0 0 0 1 0 0 0 0 0 0 0 0 0 0 0 0 0 0  0 0 0 0 0 0 0 0 0 0 0 0 0 1 0 0 1 0 0 0 1 0 0 0 0 0 0 0 0 1 0 0 0 1 1 1  0 0 0 0 0 0 0 0 0 0 0 0 0 0 0 0 0 0 0 0 0 0 0 0 0 0 0 0 0 0 0 0 0 0 0 0  1 0 0 1 0 0 0 0 0 0 0 0 0 0 0 0 0 0 0 0 0 0 0 0 0 0 0 0 0 1 0 0 0 0 0 0  0 0 0 0 0 0 0 0 1 0 0 0 0 0 0 0 0 0 0 0 0 0 0 0 0 0 0 1 0 0 0 1 0 0 0 0  0 0 0 0 0 0 0 0 0 0 0 0 0 0 0 0 0 1 0 0 0 0 0 0 0 0 0 0 0 1 0 0 0 0 0 0  0 0 0 0 0 0 0 0 0 0 0 0 0 0 0 1 0 0 0 0 0 0 0 0 1 0 0 1 0 0 0 0 0 0 0 0  0 0 0 0 0 1 0 0 1 0 1 0 0 0 0 0 0 0 0 0 0 0 1 0 1 0 0 0 0 0 0 0 0 0 0 0  0 0 0 0 0 0 0 0 0 0 0 0 0 0 0 0 0 0 0 0 0 0 0 1 0 0 0 0 0 0 0 0 0 0 0 0  0 0 0 0 0 0 0 0 0 0 0 0 0 0 0 0 0 0 0 0 0 0 0 0 0 0 0 0 0 0 1 0 0 0 0 0  0 0 0 0 1 0 0 0 0 0 0 0 1 0 0 0 0 1 0 0 1 0 0 0 0 0 0 1 0 0 0 0 0 0 0 0  1 1 0 0 0 0 0 0 1 0 0 0 0 0 0 0 0 0 0 0 0 1 0 0 0 0 0 0 0 0 0 0 0 0 0 0  0 0 0 0 1 0 1 0 0 1 1 0 0 0 0 0 0 0 0 0 0 0 0 0 0 0 1 0 0 0 0 1 0 1 0 0  0 0 0 0 0 0 0 1 0 0 0 0 1 0 0 0 0 0 0 1 0 1 0 0 1 0 0 0 0 0 0 0 0 0 0 0  0 0 0 0 0 0 0 0 0 1 0 0 0 0 0 0 0 1 1 0 1 0 0 0 0 0 0 1 0 0 1 1 0 1 0 0  0 0 0 1 0 2 0 0 0 0 0 0 0 0 0 0 0 0 0 0 0 0 0 0 0 0 0 1 0 0 0 0 0 1 0 0  0 0 0 0 0 0 0 0 1 0 0 1 0 0 0 0 0 0 0 0 0 0 0 1 0 0 0 0 0 0 0 1 0 0 0 0  0 0 0 0 0 0 0 0 0 0 0 0 0 0 0 0 1 0 0 0 0 0 0 0 0 0 0 0 0 0 0 0 0 0 0 0  0 0 0 0 0 0 0 0 0 0 0 0 0 0 0 0 0 0 0 0 0 0 0 0 0 0 0 0 0 0 1 0 0 0 0 0  1 0 0 0 0 0 0 0 0 0 2 0 0 0 1 0 1 0 0 0 0 1 0 0 0 0 0 0 0 0 0 0 1 0 0 1  0 0 0 1 0 0 0 0 0 0 0 0 0 1 1 0 0 0 0 0 0 1 0 0 0 0 0 0 0 0 0 0 0 0 0 0  0 0 0 0 0 0 0 0 0 0 1 0 0 0 0 0 0 0 0 0 0 0 0 0 0 0 0 1 0 0 0 0 0 0 0 1  0 0 0 0 0 0 0 0 0 0 0 0 0 0 0 0 0 0 0 0 0 0 1 0 0 0 0 0 0 0 0 1 0 0 0 0  0 0 0 0 1 0 0 0 0 0 0 0 0 0 0 0 0 0 0 0 0 0 0 1 0 0 0 0 0 0 0 0 0 0 0 0  0 1 0 0 0 0 0 0 0 0 0 0 0 0 0 0 0 0 0 0 1 0 1 0 0 0 0 0 0 0 0 0 1 0 0 0  0 0 0 2 1 1 0 0 0 1 0 0 0 0 0 0 0 0 0 0 0 0 0 0 0 0 0 0 0 0 0 0 0 0 0 1  0 0 0 0 0 0 0 1 0 0 0 0 0 0 1 0 0 0 0 0 0 0 0 0 1 0 0 0 0 0 0 0 1 0 0 0  0 0 0 1 0 0 0 0 0 0 1 0 0 0 0 1 0 1 1 0 0 0 0 0 0 0 0 0 0 0 1 0 0 0 0 0  0 0 0 0 0 0 0 0 0 1 0 0 0 0 0 0 0 0 1 0 0 0 1 0 0 0 0 0 0 0 2 0 1 0 0 0  0 1 0 0 1 0 0 0 0 0 0 0 0 0 0 0 0 0 0 0 1 0 1 0 0 0 1 0 0 0 1 0 0 0 0 0  0 0 0 0 0 1 0 0 0 0 0 0 0 1 2 0 0 0 0 0 0 0 0 0 1 0 0 0 0 0 0 1 0 1 0 0  1 0 0 1 0 0 0 0 0 0 0 1 0 0 1 0 0 1 1 0 0 0 1 0 0 0 0 0 0 0 0 0 0 0 0 1  0 0 0 0 0 0 0 1 0 0 0 0 0 0 0 0 0 0 0 0 0 0 1 0 0 0 0 0 0 0 0 0 0 0 0 0  0 0 0 0 1 0 1 0 0 0 1 0 0 0 0 0 0 0 0 0 0 0 0 0 0 0 0 0 0 0 0 0 0 0 0 1  0 0 0 0 0 1 0 0 0 0 0 0 0 0 0 0 0 0 0 1 0 1 0 0 0 0 0 0 1 1 0 0 0 0 0 0  0 1 0 0 0 1 0 0 1 1 0 0 0 0 0 1 0 0 0 0 0 0 0 0 1 0 0 0 0 0 1 0 0 0 0 0  0 0 0 1 0 0 0 1 0 0 0 0 0 0 0 1 0 0 0 0 0 0 0 0 0 0 0 0 0 0 0 1 1 0 1 0  0 0 0 0 1 0 0 0 0 0 0 0 1 0 0 1 0 0 0 0 1 0 0 0 1 0 0 0 1 0 0 1 0 0 0 1  0 0 0 0 0 0 0 0 0 0 0 0 0 0 0 0 0 0 0 0 0 0 1 0 0 0 0 0 0 1 0 0 0 0 0 0  0 1 0 0 0 1 1 0 0 0 0 0 0 1 0 0 1 0 0 0 0 0 0 0 0 0 1 0 0 0 0 0 0 0 0 0  0 0 0 0 0 1 0 1 0 0 0 0 0 0 0 0 0 0 0 0 0 0 1 0 0 0 0 0 0 0 0 0 0 0 0 0  0 0 0 0 0 0 0 0 0 0 0 1 0 0 0 1 0 1 0 0 0 1 0 0 0 0 0 0 0 0 1 0 0 0 0 0  2 0 0 0 0 0 0 0 0 0 0 0 0 0 0 0 0 0 0 0 0 0 0 0 0 0 0 0 0 0 0 0 0 0 0 0  0 0 0 0 0 0 0 0 1 0 0 0 1 1 0 0 0 0 0 0 0 0 0 0 0 0 0 0 0 1 0 0 0 0 0 1  0 0 0 0 0 0 0 0 0 1 0 0 0 0 0 0 0 0 0 1 0 1 0 0 0 1 0 1 0 0 0 0 0 0 1 0  0 0 0 0 0 0 0 0 0 0 0 0 0 0 0 0 1 0 0 0 1 0 0 0 0 1 0 0 0 0 0 0 0 0 0 0  0 0 0 0 0 1 0 1 0 0 0 0 0 0 0 0 1 0 0 0 0 0 0 0 0 0 0 0 0 0 0 0 0 1 0 0  0 1 0 0 0 0 0 0 0 0 0 0 0 1 0 0 0 0 0 0 0 0 1 0 0 0 0 0 0 0 0 0 0 0 0 0  0 1 0 0 0 0 0 0 0 0 0 0 0 0 0 0 0 0 0 0 0 0 1 0 0 0 0 0 0 1 0 0 0 0 0 0  0 0 0 0 0 0 0 1 0 0 0 0 1 0 0 0 0 0 0 0 0 0 0 0 0 0 0 0 1 0 0 0 2 0 0 0  1 1 0 0 0 1 0 0 0 0 0 0 0 0 0 0 0 0 0 0 0 0 0 0 0 0 0 0 0 0 0 0 0 0 0 0  0 0 0 0 0 0 1 0 0 0 0 1 0 0 0 0 0 0 1 0 0 0 0 0 0 0 0 0 0 0 0 0 0 0 0 0  0 0 0 0 0 1 0 0 0 0 0 0 0 0 0 0 0 0 1 1 0 0 0 0 0 0 0 0 0 0 1 0 0 0 0 0  0 0 0 1 0 0 1 0 0 0 1 1 0 1 1 0 0 1 0 0 0 0 1 0 0 1 0 0 0 0 0 0 0 0 0 0  0 0 0 0 0 0 0 0 0 0 0 0 0 0 0 0 0 0 0 0 0 0 0 0 1 0 2 0 0 0 0 0 0 0 0 1  0 0 0 0 0 0 1 0 0 0 0 0 1 0 0 0 0 0 1 0 0 0 0 0 0 0 0 0 0 0 0 0 0 0 0 0  0 0 0 0 0 0 1 1 0 0 0 1 0 0 1 0 0 0 0 0 0 0 1 0 0 0 0 0 0 0 0 0 0 1 1 1  1 0 0 0 0 0 0 0 0 0 0 0 0 0 0 0 1 0 0 0 0 0 0 0 0 0 0 0 0 0 0 0 0 0 0 0  0 0 0 0 0 1 0 0 0 0 0 0 0 0 0 1 1 0 0 0 1 0 0 0 0 0 0 0 1 0 0 0 0 0 0 0  0 0 0 0 0 0 0 1 0 0 0 0 0 0 0 0 0 0 1 0 0 0 0 0 0 0 0 0 0 0 0 0 0 0 0 0  0 1 0 0 0 0 0 0 0 0 0 0 0 0 0 0 0 0 0 0 0 0 0 0 0 0 0 0 0 0 0 0 0 0 0 0  0 0 0 0 0 0 0 0 0 1 0 0 0 0 0 0 0 0 0 0 0 1 0 0 0 0 0 0 0 0 0 1 0 0 0 0  0 0 0 0 0 0 0 0 0 0 0 1 0 0 1 0 0 0 0 0 0 0 0 0 0 0 0 0 0 0 0 1 0 0 0 0  0 1 0 0 0 0 0 0 0 0 0 0 0 1 0 1 0 0 0 0 0 0 0 2 0 0 0 0 0 0 0 0 0 1 0 0  0 0 0 0 0 0 0 0 1 0 1 0 1 0 1 0 0 0 0 0 0 0 0 0 2 0 0 0 0 0 0 0 0 0 0 0  0 0 0 0 0 0 0 0 0 0 0 0 0 0 1 0
 2  2  2  2  2  2  2  2  2 14  2  2 14  1  1  1  1  1  1  1  1  1  1 14   1  1 14  1  1  1  1  0 14  0 14  0  0  0  0  0  0  0  0  0  0  0  0  0   0  0  0  0  0  0  0  0  0  0  2  2  2  2  2  2  2  2  2  2  2  2  1  1   1  1  1  1  1  1  1  1  1  1  1  1  1  1  1  1  1  0  0  0 14  0 14  0   0  0  0  0  0  0  0  0  0  0  0  0  0  0  0  0  0  0  0  0  2  2  2  2   2  2  2  2  2  2  2  2  2  2  1  1  1  1  1  1  1  1  1  1  1  1  1  1   1  1  0  0  0  0 14  0  0  0  0  0  0  0  0  0  0  0  0  0  0  0  0  0   0  0  0  0  0  0  2  2  2  2  2  2  2  2  2  2  2  2  2  2  2  1  1  1   1  1  1  1  1  1  1 14  1  1  1  0  0  0  0  0  0  0  0  0  0  0  0  0   0  0  0  0  0 14  0  0  0  0  0  0  0  0  0  0  2  2  2  2  2  2  2  2  14  2  2  2  2  2  2  2  1  1  1  1 14  1  1  1  1  1 14  1  1  0  0  0   0  0  0  0  0  0  0  0  0  0  0  0  0  0  0  0  0  0  0  0  0  0  0  0   0  0  2  2  2  2  2  2  2  2  2  2  2 14  2  2  2  2  2  2  1 14  1  1   1  1  1 14 14  1  0  0 14  0  0 14 14  0  0  0  0  0  0  0  0  0  0  0   0  0  0  0 14  0  0  3  0  0  3  3  5  5  2  2  2  2  2  2  2  2  2  2   2  2  2  2  2  2  2  1  1 14  1  1  1  1  1  1  0  0  0  0 14  0  0  0   0  0  0  0  0 14  0  0  0  0  0  0  0  0  0  3  3  3  3  3  3  3  5  5   5  2  2  2  2 14  2  2  2  2  2  2  2  2  2  2  2  2  1  1  1 14  1  1   1  1  1  1  0  0  0  0  0  0 14  0  0  0 14  0  0  0  0  0  0  0  3  3  14  3 14  3  3  3  3  3  7  5  5  5  5  2  2  2  2  2  2  2  2  2 14  2   2  2  2 14  1  1  1  1 14  1  1  1  1  1  1  0  0  0 14  0 14  0  0  0   0  0  0  0  0  0  0  3  3  3  3  3  3 14  3  3  3  3  7  5  5  5  5  2   2  2 14  2 14  2  2  2  2  2  2  2  2  2  1  1  1  1  1  1  1  1  1  1   1  1  1  1  1 14  1  1  1  0  0  0  0  0  0  0  3  3  3  3  3  3 14  3   3  3 14  3  7  7  5  5  5 14  2  2  2  2  2  2  2  2  2  2  2  2  2 14   5  5  1  1  1  1  1  1  1  1  1  1  1  1  1  1  1 14  1  1  1  1  0  3   3  3  3  3  3  3  3  3  3  3  3  3  3  3  7  5  5  5 14  5 14  5  2 14   2 14  2  2  2  2  2  2  2  2  5  5 14  1  1  1  1  1  1  1 14  1  1  1   1  1  1  1  1 14 14  1  3  3  3  3  3  3  3  3 14  3  3  3  3  3  3  3   7  7  5  5  5  5  5  5  5  2  2  2  2  2  2  2  2  2  2  2  5  5  5  5  14  1  1  1  1  1  1  1 14  1  1  1  1  1  1  1  1  1 14  3  3  3  3  3   3  3  3  3  3  3  3  3  3  3  7  7  7  5  5  5  5 14 14  5  2  2  2  2   2  2  2  2 14  2  5 14  5 14  5  1  1  1  1  1  1  1  1  1  1  1  1  1   1  1  1  3  3  3  3  3 14  3  3  3  3 14  3  3  3  3 14  6  7  7  7  7   5  5  5 14  5  5  2 14  2  2  2  2  2  2  2  2  5  5  5  5  5  1  1  1   1  1  3  3  1  1 14  1  1  1  1  1  3  3  3 14  3  3  3  3  3  3  3  3   3  4  4  4 14  6  7  7  7  7  5  5  5 14  5 14  5  2  2  2  2  2  2  2   2  2 14  5  5  5  5  1  1  1  1  3  3  3  3  3  3  3  3  3  3  3 14  3   3  3  3  3 14  3  3  3  3  4  4  4  4  4  6  6  7  7  7  7  7 14  5  5   5  5  5  5  2  2  2  2  2  2  2  2 14  5  5 14  5  1  1  1  1  3  3  3   3  3  3  3  3  3  3  3 14  3  3  3  3  3  3  3  3  3  4  4  4  4  6  6   6  6  7  7  7  7  7  7  5  5 14  5  5  5  5  2  2  2  2  2  5  5  5 14   5  5  5 14  5  5  1  3  3  3  3  3  3  3  3  3  3  3  3  3  3 14  3  3   3  3  3  4  4  4  4  4  6  6  6  6  7  7  7  7  7  7  7  7  7  5  5  5   5 14  5  5 14  5  5  5 14  5  5  5  5  5  5  5  1 14  3  3  3 14 14 14   3  3  3  3  3  3  3  3  3  3  3  3  4  4  4  4  4  6  6  6  6  6  7  7   7  7  7  7  7  7  7  7  7  7  5  5 14  5  5 14  5  5  5  5  5  5  5  5   5  5  5  3  3  3  3  3  3  3  3  3  3  3  3  3  3 14  3  3  4  4  4  4   4  4  4  6  6  6  6  6 14  7  7  7  7  7  7  7  7  7  7  7  5  5  5  5   5  5  5 14  5  5  5 14  5  5  5  5  5  5  3  3  3  3  3  3  3  3  3  3   3  4  3  4  4 14  4  4  4  4  4  4  4  6  6  6  6 14  7  7  7  7  7  7   7  7  7  7  7  7  7  7  7  5  5  5  5  5  5 14  5  5  5  9  5  5  5  5  14  4  3 14  3  3  3  4  4  4  4  4  4  4  4  4  4 14  4  4 14  4 14  6   6  6  6  6  8  8  7  7  7  7 14  7 14  7  7  7  7  7  7  5  5  5  5  5   5  5  5  5  5  9  9  9  9  5  9  4  4  4  4  4  4  4  4  4  4  4  4 14   4  4  4  4  4  4  4  4  6  6  6  6  6  6  8  8  8  7  7  7  7  7  7  7   7  7  7  7  7  5  5  5  5  5  5  5  5  5  5  9  9  9 14  9  9  9  4  4   4  4  4  4 14  4  4  4  4  4  4  4 14  4  4  4  4 14  6  6 14  6  6  6   8  8  8 14  7  7  7  7  7  7  7  7 14 14  7  7  5  5  5  5 14  5  5  5   5  9  9  9  9  9  9  9  9 14  4  4  4  4  4  4  4  4  4  4  4  4  4  4   4  4  6  6 14  6 14  6  6 14 14  8  8  8  7  7  7  7  7  7  7  7  7  7   7  7 14  5  5  5  5 14  5 14  5  9  9  9  9  9  9  9  9 14  4  4  4  4  14  4  4  4  4  4  4 14  4 14  4  4 14  6  6  6  6  6  6  6  8  8  8  8   7  7  7  7  7  7  7  7  7 14  7  7  5  5  5  5  5 14 14  5 14  9  9  9   9  9  9 14  9  4 14 14  4 14  4  4  4  4  4 14  4  4  4  4  4  6  6  6   6  6  6  6  6  6  8  8  8  8  8  7  7  7  7 14  7  7  7  7  7 14  7  5   5  5  5  5  5  5  5  9 14  9  9 14  9  9  9  4  4  4  4  4  4  4  4 14   4  4  4  4  4  4  4 14  6  6  6  6  6  6  6  6  8  8  8  8  8  8  8  8   7  7  7  7 14  7  7  7  7  7  5  5  5  5  5  5  5  9  9  9  9  9  9  9   9  4  4  4  4  4  4  4  4  4  4  4  4  4  4  4  4  6  6  6  6  6  6  6   6  6  8  8  8  8 14  8  8  8  8  8 14  7  7  7  7  7  7  7  5  5  5  5   5  5 14  9 14  9  9  9  9 14  9  9  4  9  4  4  4  4  4  4 14  4  4 14   4  4  6 14  6  6  6  6  6  6  6  6  8 14 14  8  8  8  8  8  8 14  7  7   7  7  7  7  7  7  5  5  5  5  5  5  9  9  9  9  9  9  9  9  9  9 14  9   4  4  4  4  4  4  4  4  4  4  4  6  6  6  6 14  6  6  6  6  6  6  8 14   8  8  8  8  8  8  8  7  7  7  7  7  7  7  7  7  7  7  5  5  5  9 14  9   9  9  9  9  9  9  9 14  9  9  4  4  4  4  4  4 14  4  4  4  4  6  6  6   6  6  6  6  6  6  6  6  8  8  8 14  8  8  8  8  8  8  8  8  7  7  7  7   7 14  7  7  7  7  7  9  9  9  9  9  9  9  9  9  9  9  9 13 14  4 14  4   4  4  4  4  4  4  6  6 14  6  6  6  6  6  6  6 14 14  8  8  8 14  8  8   8  8  8  8  8  8  8  8  7  7  7  7  7  7  7  7  9  9  9  9  9  9  9 14   9  9  9  9 13 13 13 14  4  4  4  4  4  4 14  6  6  6  6  6  6  6  6  6  14  6  6  6  8  8  8  8 14  8  8  8  8  8  8 14  8  8  8  7  7  7 14  7   7  7  9 14  9 14 14  9  9  9  9  9  9  9 13 13 13 13 14  4  4  4  4  4   4  6  6  6  6  6  6  6  6 14  6  6  6  6  8  8  8  8 14  8  8  8 14  8   8  8  8  8  8  7  7  7 14  7  7  7  9 14  9  9 14  9  9  9  9  9  9  9  13 13 13 13 13 13 13  4 14  4 14  6  6  6 14  6  6  6 14  6  6  6  6  6   8  8  8  8  8 14  8  8  8  8  8  8  8 14  8  8  7  7  7  7  7  9  9  9  14  9  9  9  9  9  9 14  9 14 13 13 14 13 13 14 13 13 13 13  6  6  6 14   6  6 14  6  6 14 14  6  6  6 14  8  8  8  8  8  8  8  8  8  8  8  8 14   8  8  7  7  7 10 10 14  9  9  9  9  9  9  9  9  9  9  9  9 13 13 14 13  13 13 13 13 13  6  6  6  6  6  6  6  6  6  6  6 14  6 14  6  8  8 14  8   8  8  8  8  8  8  8  8  8  8  8  8  7 10 10 10 10 10  9  9  9  9  9 14   9  9  9  9  9 14 13 13 13 13 13 13 13 13 13 13  6  6  6 14  6 14  6  6   6  6  6  6 14 14  8  8  8  8  8  8  8 14  8  8  8 14  8  8 14 14 10 10  10 10 10 14  9  9  9  9  9  9  9  9 14  9  9  9 13 13 14 13 13 13 13 13  13 13 13 14  6  6  6 14  6  6  6  6  6  6  6 14  8  8  8  8  8  8  8  8   8  8  8  8  8  8  8 14 14 10 14 10 10 10  9  9 14  9  9  9  9  9  9  9  14  9  9 14 13 13 13 13 14 13 13 13 14  6  6  6 14  6  6 14  6  6  6 14   6  6  8  8  8  8  8  8  8  8  8  8  8  8  8  8  8 10 10 10 10 10 14 10  10  9  9  9  9 14  9  9  9  9  9  9  9 14 13 13 13 14 14 13 13 12 12 12  12 14 12 12 14 12  6  6  6  6  6  6  8  8 14  8  8  8  8  8  8  8  8  8   8  8 10 10 10 14 10 14 10 10 10  9  9  9  9  9  9  9  9  9  9  9 14 10  10 10 13 13 13 13 13 12 12 12 12 12 12 12 12 12 12 12 12  6  6  6 11 14  11  8  8 14  8 14  8  8  8 14  8 10 10 10 10 10 10 10 14 10 10 10  9  9   9  9  9  9  9  9 10 10 10 10 10 10 10 13 13 13 13 12 12 12 12 12 12 12  12 12 12 12 12 12 12 12 11 11 11 11  8  8  8  8  8  8  8  8 14 10 10 10  14 14 10 10 10 10 10 10  9  9  9  9  9  9  9 10 10 14 10 10 10 10 10 14  13 13 12 12 12 12 12 12 12 14 12 12 12 12 12 12 12 12 11 14 11 14 11 11  11 14  8 14  8 10 10 10 10 10 14 10 10 10 10 10 10 10 10  9  9  9  9  9  10 10 10 10 14 10 10 10 14 13 13 13 13 14 12 12 12 12 12 12 12 12 12 12  12 12 12 12 11 14 11 14 11 11 11 11 11 11 11 10 14 10 10 10 10 10 10 10  10 10 10 10 10 10 10 10 10 14 10 10 10 14 10 10 10 10 10 13 13 13 13 13  12 14 12 12 12 12 12 12 12 12 14 12 12 12 11 11 11 11 11 11 11 11 11 11  11 14 10 10 10 10 10 10 10 10 10 10 10 10 10 10 10 10 10 10 10 10 14 10  10 10 10 10 10 14 13 13 13 13 12 12 12 12 12 12 12 12 12 14 12 12 12 12  14 11 11 11 11 11 11 11 11 11 11 10 10 10 10 10 14 10 10 10 10 10 10 10  14 14 10 10 10 14 10 10 10 10 10 10 10 10 10 13 13 13 13 13 12 12 12 12  12 12 12 12 12 12 12 12 12 12 11 11 11 11 11 11 11 11 14 11 11 11 11 14  10 10 10 10 10 10 14 10 10 10 10 10 10 10 10 10 10 10 10 10 10 10 10 10  13 13 13 13 13 14 13 12 12 12 12 12 12 12 12 12 12 12 14 14 11 11 11 11  11 11 11 11 11 11 14 11 11 11 11 10 10 10 10 14 11 10 14 10 10 10 14 14  10 14 14 10 10 14 10 10 10 13 14 13 13 14 13 13 13 12 12 12 12 12 12 12  12 12 12 12 12 12 11 11 11 11 11 11 11 11 11 11 11 11 11 11 11 11 11 11  14 11 11 11 11 10 10 10 10 10 10 14 10 10 10 10 10 10 14 13 13 13 13 13  14 13 13 12 12 12 14 12 12 12 12 12 12 12 12 12 11 11 11 11 11 11 11 11  11 11 11 11 11 11 14 14 11 11 11 14 11 11 14 11 11 10 10 10 10 10 14 10  13 13 13 13 13 13 13 13 13 14 14 14 14 12 12 12 12 12 12 12 12 12 12 12  12 12 11 11 14 11 11 11 11 11 11 11 11 11 11 11 11 11 11 11 11 11 11 11  11 11 11 11 13 14 13 13 13 13 13 13 13 13 13 14 14 13 13 13 14 13 12 12  12 12 12 12 14 12 12 12 12 12 12 12 11 11 11 11 11 11 11 14 11 11 11 11  11 11 11 11 11 11 14 11 11 11 11 11 11 13 13 13 13 13 13 13 13 13 13 13  13 14 13 13 13 13 13 13 12 12 12 12 12 12 12 12 12 12 12 12 12 12 11 11  11 11 11 11 11 11 11 11 11 11 11 11 11 11 11 11 11 11 11 11 11 14 13 13  13 13 13 13 13 13 13 13 13 14 13 13 13 13 13 13 13 13 13 14 12 12 12 12  12 12 12 12 12 12 12 12 11 11 11 14 11 11 14 11 11 11 11 11 11 11 11 11  11 11 11 11 13 13 13 14 13 13 13 13 13 14 13 13 13 13 13 13 13 13 13 13  13 14 13 14 12 12 12 12 12 12 12 12 12 12 12 12 12 12 11 11 11 14 11 11  11 11 11 11 11 11 11 11 14 11 14 11 14 11 14 13 13 13 13 13 13 13 13 13  13 13 13 13 13 13 13 13 13 13 13 13 13 13 13 12 12 12 12 12 12 12 12 12  12 12 14 12
2
