False
30
False
58
58
20
True
0.001
0.0001
10000
679
False
146
20025
1286133964800
136  88 206  60 162 133 136 133 136 136 137 130 136 132 134 133 134 131 134 138
0.18549346 0.47086801 0.23067776 0.6373365  0.03091558 0.20332937 0.18549346 0.20332937 0.18549346 0.18549346 0.17954816 0.22116528 0.18549346 0.20927467 0.19738407 0.20332937 0.19738407 0.21521998 0.19738407 0.17360285
0.6373365041617122
False False False  True False False False False  True False False False False False  True  True  True  True  True False
0 0 1 0 0 0 0 0 1 0 0 0 1 0 0 0 0 0 0 0 0 0 0 1 0 0 0 0 1 0 0 1 0 0 0 0  0 0 0 0 1 0 0 0 0 0 0 0 0 0 0 1 0 0 0 0 0 0 0 0 0 0 0 0 0 0 0 0 0 0 0 0  0 0 0 2 0 0 0 0 1 1 0 0 0 0 0 0 1 0 0 0 0 0 1 0 0 0 0 0 0 0 0 0 0 0 0 1  0 0 1 0 1 0 0 1 1 0 0 0 1 0 0 0 0 0 0 1 0 0 0 0 0 0 0 0 0 1 0 0 0 0 0 2  1 1 1 1 0 1 0 0 1 1 1 0 0 1 0 0 0 0 0 0 0 0 0 1 0 0 1 2 1 0 0 1 1 0 0 1  0 0 0 0 0 1 0 0 0 0 0 0 0 0 0 0 1 0 0 0 0 0 0 1 0 0 0 1 1 0 0 1 1 0 0 0  1 0 0 0 0 0 0 0 0 0 0 0 0 1 0 0 0 0 0 0 0 0 0 0 1 1 1 1 1 0 0 0 0 0 0 0  0 0 0 0 0 0 0 1 1 0 0 0 0 0 1 0 0 0 0 0 1 0 0 0 0 0 0 1 1 0 1 0 0 0 0 0  0 0 1 0 0 0 1 0 0 0 0 0 1 0 1 1 0 1 0 0 0 0 0 0 0 0 0 1 0 0 0 0 0 1 0 0  0 1 0 0 0 0 0 0 1 0 1 0 0 0 1 0 1 0 1 0 0 0 0 1 1 0 0 0 1 0 0 0 0 0 0 0  0 0 0 1 0 1 0 0 0 0 0 0 0 0 1 0 0 0 1 0 0 0 0 0 0 0 0 0 0 1 0 0 0 0 1 0  0 0 1 0 0 0 0 0 1 1 1 0 1 1 0 0 0 0 0 0 0 0 0 0 0 0 1 0 0 0 0 0 1 1 0 0  0 1 0 0 0 0 0 0 0 0 1 0 0 0 0 2 0 1 0 0 0 0 0 0 0 0 1 1 0 0 1 1 1 0 0 0  0 0 1 0 0 0 0 1 1 1 0 0 0 0 1 0 0 0 0 1 0 0 0 0 1 0 0 0 0 0 0 0 0 0 0 0  2 0 0 0 0 2 0 0 0 1 0 0 0 0 0 0 0 0 0 0 1 1 0 0 0 0 0 0 0 0 0 0 1 0 0 0  0 0 1 0 0 0 1 1 1 0 0 0 0 0 0 0 1 0 0 0 0 0 1 0 0 0 0 0 0 0 0 0 0 0 0 0  0 0 0 0 1 1 0 0 0 0 0 0 0 0 0 0 0 0 0 0 0 0 0 0 0 0 0 0 0 0 0 0 1 1 0 1  0 0 0 0 1 0 0 0 0 0 0 0 1 0 0 0 0 0 0 0 0 0 0 1 0 0 1 0 0 0 0 0 0 0 1 0  0 1 1 0 1 0 0 0 0 0 0 0 0 0 0 0 0 0 0 0 0 1 0 2 0 1 0 0 0 1 1 0 0 0 0 0  0 0 1 1 1 0 0 0 1 0 0 0 0 0 0 0 0 0 0 1 0 0 0 0 1 0 1 0 0 1 0 1 0 1 1 0  0 0 0 1 1 0 0 0 0 0 0 0 0 0 0 0 0 0 0 2 1 0 0 0 0 0 0 0 0 0 0 0 1 0 0 0  1 0 0 0 0 0 0 0 0 0 0 0 1 0 0 1 0 0 0 0 0 0 0 0 1 0 0 0 0 0 0 0 0 0 0 1  0 0 0 0 1 0 0 0 0 0 0 1 0 0 0 0 1 0 0 0 1 0 1 0 0 0 0 0 0 0 0 0 0 0 0 0  0 2 0 1 0 1 0 1 0 0 0 0 0 0 0 0 0 0 0 0 0 0 0 0 0 0 0 0 0 1 0 0 0 0 1 0  0 0 0 1 0 0 0 0 0 0 1 0 0 0 1 0 0 0 0 0 0 0 0 0 0 0 0 0 0 1 0 0 0 1 0 0  0 0 0 0 0 0 0 0 0 0 1 0 0 0 0 1 0 0 0 0 1 0 0 1 0 1 0 0 1 0 0 0 1 0 0 0  0 0 0 1 0 1 0 0 0 0 1 1 0 0 1 0 0 1 0 0 2 0 0 1 0 0 0 0 1 0 0 0 0 0 0 0  0 1 0 1 0 0 0 1 0 0 0 0 0 0 0 0 1 0 1 0 0 0 0 0 1 0 0 1 0 0 0 0 0 0 0 1  1 0 1 1 1 0 0 1 1 0 0 0 0 0 0 0 0 0 1 0 1 0 0 0 0 1 0 1 1 0 0 0 0 0 0 0  0 0 0 0 0 0 0 0 0 0 0 0 0 0 0 0 1 0 0 0 0 0 1 0 0 1 0 0 1 2 0 0 0 0 1 0  0 2 0 0 0 0 0 1 0 0 1 0 0 0 0 0 0 0 1 0 0 1 1 0 0 1 0 0 0 0 0 0 0 0 0 0  0 0 0 1 0 0 0 1 1 0 0 0 0 1 0 0 0 0 0 0 0 0 1 0 0 0 1 0 0 1 0 0 0 1 1 0  0 1 0 1 1 0 0 0 0 0 0 0 0 0 0 1 0 0 0 0 0 0 1 0 0 1 1 1 1 0 0 0 1 0 0 0  1 0 0 0 1 0 1 0 0 0 0 0 0 0 1 0 0 0 0 0 1 0 1 0 0 0 0 0 0 0 0 1 0 0 0 0  0 1 0 0 0 0 0 1 0 0 1 0 2 0 0 0 0 1 0 1 0 1 0 0 0 0 0 0 0 0 0 0 0 0 0 0  0 0 0 1 1 0 1 0 0 1 1 0 0 0 0 0 0 0 0 0 0 0 0 0 0 0 0 1 0 1 1 0 0 1 0 0  0 0 0 0 0 0 0 1 1 0 0 0 0 0 0 0 0 0 0 0 0 1 0 0 0 0 0 1 1 0 0 0 0 1 0 0  1 0 0 1 1 0 0 0 0 0 0 1 0 0 0 0 0 1 0 0 1 0 0 0 0 0 0 0 2 0 1 0 0 1 0 0  0 0 0 0 0 0 0 0 0 0 1 0 0 0 0 0 0 0 0 0 0 0 1 0 0 0 0 0 0 1 1 0 0 0 0 1  0 1 0 0 0 1 1 1 0 0 1 1 1 0 0 0 0 1 0 0 0 0 0 0 0 0 0 1 0 0 0 1 0 0 1 0  0 0 0 0 0 1 0 0 0 0 0 1 1 0 0 0 0 0 1 0 1 0 1 1 1 1 0 0 1 1 0 0 0 0 0 0  1 0 1 0 1 1 0 0 0 0 1 0 0 0 0 0 0 0 0 0 0 0 0 0 0 0 0 0 0 0 0 0 1 0 0 0  0 0 0 0 0 0 0 0 0 1 1 0 0 1 0 0 0 0 0 1 0 1 0 2 0 0 0 0 0 1 0 0 0 0 1 1  0 0 1 0 0 0 0 0 0 0 0 0 0 0 0 0 0 1 0 0 0 0 0 1 1 1 1 0 0 0 0 0 1 1 1 0  0 0 0 0 0 0 0 0 0 0 0 0 0 0 0 0 0 0 0 0 0 0 0 1 0 1 0 0 1 0 0 0 0 0 0 1  0 1 0 0 0 1 0 0 0 1 0 0 0 0 0 0 1 0 0 0 0 0 0 0 1 0 1 0 0 0 0 0 0 1 0 0  0 0 1 0 0 0 0 0 0 0 0 0 0 0 1 0 0 0 0 0 0 0 1 0 0 0 1 1 1 0 0 0 1 0 0 0  1 0 0 1 0 0 0 1 0 0 0 1 0 0 0 0 0 1 0 0 0 1 0 1 0 0 0 0 0 0 0 0 0 0 0 0  0 0 0 1 1 0 0 0 1 0 0 0 1 1 0 0 1 0 1 0 0 0 0 0 0 1 0 0 0 0 0 1 0 0 0 0  1 1 0 0 0 1 0 0 0 0 0 0 1 0 0 0 1 0 0 0 0 0 0 0 0 0 0 0 0 1 1 0 0 0 0 0  0 0 1 0 0 0 0 0 1 0 0 0 1 0 1 0 0 1 1 0 1 0 0 0 0 0 0 1 1 1 0 0 0 0 0 1  0 0 0 0 0 0 0 0 0 0 0 0 0 1 0 0 1 0 0 1 0 1 0 0 0 0 0 0 0 1 0 0 1 0 0 0  0 0 1 0 0 0 1 0 0 0 0 0 0 0 0 0 0 0 0 0 0 0 0 1 0 0 0 0 0 0 0 0 0 0 0 0  0 0 0 0 0 0 1 1 1 0 0 0 0 0 0 0 0 0 0 0 0 0 0 0 0 0 1 0 0 0 1 1 0 0 0 0  0 0 0 1 0 1 0 1 0 0 0 0 1 1 0 1 0 0 1 0 1 0 0 0 1 0 0 0 0 1 1 1 0 0 1 1  0 0 0 0 0 0 0 0 2 0 1 1 0 0 0 0 0 0 0 0 0 0 0 0 0 0 1 1 1 0 0 0 0 1 1 0  0 1 0 1 0 1 1 0 1 0 0 0 0 0 0 0 0 0 0 0 0 0 0 0 1 1 0 0 0 1 0 0 0 0 0 0  0 1 1 0 0 1 0 0 0 1 0 0 0 0 0 0 0 1 1 0 0 0 1 0 1 0 0 0 1 1 0 0 0 0 0 0  0 0 0 0 1 0 0 0 1 0 0 0 0 1 0 0 0 1 0 0 0 0 0 0 1 0 0 0 1 1 0 1 0 0 0 0  1 0 0 0 0 0 0 0 0 0 0 0 1 0 0 0 0 0 0 0 1 0 0 0 2 1 0 1 0 0 0 0 0 0 0 0  0 0 0 0 1 1 1 0 1 0 0 0 0 0 0 0 1 0 0 0 0 0 1 1 0 0 0 0 0 0 1 0 0 0 0 1  0 0 0 0 0 0 0 0 1 0 0 0 0 0 1 0 1 1 0 0 0 0 0 0 1 1 0 0 0 1 0 1 0 0 0 0  0 0 0 0 0 0 0 0 0 0 0 1 1 0 0 0 0 1 0 1 0 0 0 0 1 0 0 1 1 0 0 1 0 0 0 0  0 0 0 0 0 1 0 0 1 1 0 0 0 0 0 0 0 0 0 0 1 0 1 0 0 0 0 1 0 0 0 1 0 2 0 0  1 0 1 0 0 0 0 0 0 0 0 1 0 0 0 0 0 0 0 0 0 0 0 0 0 1 0 0 0 0 0 0 1 0 1 0  0 0 0 0 0 1 1 0 0 0 0 0 0 0 0 0 0 0 0 0 0 0 1 0 0 0 0 0 1 0 1 0 1 0 0 1  1 0 1 1 0 0 0 0 0 0 0 0 0 0 0 0 0 0 0 1 0 0 1 1 0 0 1 0 0 0 0 1 0 0 0 0  0 0 1 0 0 0 0 0 1 0 0 0 1 1 1 0 0 0 0 0 0 0 0 0 0 1 1 0 0 0 0 0 0 0 0 0  0 0 0 0 1 0 1 0 1 1 0 1 1 0 0 0 1 1 1 0 0 0 0 0 0 0 0 0 0 1 0 0 0 1 1 1  0 0 0 0 0 0 0 0 0 0 0 1 0 0 0 0 0 0 0 1 1 0 0 0 0 0 0 0 0 0 0 0 0 0 0 0  0 0 0 1 1 1 0 0 0 0 0 0 0 0 0 0 0 0 0 0 1 1 1 0 0 1 0 0 1 0 0 0 0 0 0 1  0 0 0 0 1 0 1 0 0 1 0 1 0 0 0 0 0 0 1 0 1 2 0 1 0 0 0 1 1 0 0 0 0 0 1 0  0 0 0 0 0 0 0 0 0 0 0 0 0 0 0 0 0 0 0 0 1 0 0 1 0 0 1 0 0 0 0 0 0 0 0 0  1 1 1 0 0 1 0 1 0 0 0 0 0 0 0 1 0 1 0 0 0 1 1 0 0 0 0 0 0 0 0 0 1 0 1 0  0 1 0 0 0 1 1 1 0 0 1 0 1 1 0 0 0 0 0 0 0 0 0 1 0 0 1 1 0 0 0 1 1 0 0 0  0 0 0 0 0 0 0 0 1 0 0 0 0 0 0 1 0 0 0 0 0 0 0 0 0 0 0 0 1 1 0 0 0 0 0 1  0 0 0 0 0 0 1 0 0 0 0 0 1 0 0 1 0 0 0 0 0 0 0 0 0 0 1 1 0 0 1 1 0 0 0 0  0 0 0 0 0 0 1 0 0 0 0 0 0 0 0 0 1 0 0 0 1 1 0 0 0 0 0 0 0 0 0 0 0 0 0 0  0 0 0 0 1 0 0 1 0 0 0 0 0 0 0 0 0 0 1 0 0 0 1 1 1 0 0 0 0 0 0 0 1 0 0 0  1 0 0 0 1 0 0 0 0 0 1 1 0 0 0 0 0 0 0 0 0 1 0 0 0 1 0 0 0 0 0 0 0 0 0 0  0 0 0 0 0 0 1 0 0 1 0 0 0 0 0 0 0 0 0 1 0 0 1 0 0 0 1 1 0 0 1 0 0 0 0 1  0 0 0 1 0 0 0 0 1 1 0 0 1 0 1 0 0 1 0 0 0 0 0 0 0 0 0 0 1 0 0 0 0 0 0 0  1 0 0 1 0 1 0 0 0 0 0 0 1 0 0 0 0 1 0 0 0 0 0 0 0 0 0 0 0 0 0 0 0 0 0 0  0 0 0 0 0 0 0 0 1 0 0 0 0 0 0 0 1 0 1 0 0 0 1 0 0 0 0 1 0 1 0 0 0 0 0 1  0 0 0 0 0 0 0 0 0 0 0 0 0 0 0 0 0 0 0 0 0 0 0 1 0 0 0 1 0 0 0 1 0 0 0 0  0 0 0 1 1 0 0 0 1 0 0 0 0 0 0 0 0 0 1 0 1 1 0 0 0 0 0 0 1 0 0 1 0 0 0 0  0 0 0 0 0 1 0 0 0 0 0 0 0 0 0 1 0 1 0 0 0 0 0 0 0 1 1 0 1 0 0 0 0 1 0 0  0 0 0 0 1 1 0 0 0 0 1 0 0 0 0 1 0 0 0 0 0 0 0 0 1 1 0 0 0 0 0 1 0 0 0 0  0 1 0 0 0 0 0 0 1 1 0 0 1 0 0 1 0 0 1 0 1 0 0 0 0 0 1 0 0 0 0 0 1 0 0 0  0 0 0 0 0 0 0 0 0 0 0 0 0 0 0 0 2 0 0 0 0 0 0 0 0 0 0 0 0 0 0 0 0 0 0 0  0 0 1 0 0 0 0 1 0 0 0 0 1 0 0 0 1 0 0 0 0 0 1 1 0 0 0 0 0 1 0 1 0 0 1 0  0 0 1 0 0 0 1 0 0 1 1 0 1 1 1 0 1 0 0 0 0 0 0 0 1 0 0 1 0 0 0 1 0 0 0 1  0 1 1 0 0 0 0 0 0 1 1 0 0 0 0 0 1 0 0 1 1 0 0 0 1 0 0 1 1 1 0 0 0 0 0 0  0 0 1 0 0 1 0 0 0 0 0 0 0 0 0 0
 0  0 20  0  0  0  0  0 20  0  0  0 20  0  0  0  0  0  0  0  0  0  4 20   1  1  1  1 20  1  1 20  4  4  4  3  3  3  3  3 20  3  3  3  3  3  2  2   2  2  2 20  2  2  2  2  2  2  0  0  0  0  0  0  0  0  0  0  0  0  0  0   0  0  0  0  0  0  0  0 20 20  1  1  1  1  1  1 20  4  4  4  4  4 20  3   3  3  3  3  3  3  3  3  3  2  2 20  2  2 20  2 20  2  2 20 20  0  0  0  20  0  0  0  0  0  0 20  0  0  0  0  0  0  0  0  0 20  1  1  1  1  1  1  20 20 20 20  1 20  4  4 20 20 20  3  3 20  3  3  3  3  3  3  2  2  2 20   2  2 20  2 20  2  0 20 20  0  0 20  0  0  0  0  0 20  0  0  0  0  0  0   0  0  1  1 20  1  1  1  1  1  1 20  1  1  1 20 20  4  4 20 20  3  3  3  20  3  3  3  3  3  2  2  2  2  2  2  2 20  2  2  0  0  0  0  0  0  0  0  20 20 20 20 20  0  0  0  0  0  0  0  1  1  1  1  1  1  1 20 20  1  1  1   1  1 20  4  4  4  3  3 20  3  3  3  3  3  3 20 20  2 20  2  2  2  2  2   2  2 20  0  0  0 20  0  0  0  0  0 20  4 20 20  0 20  0  0  1  1  1  1   1  1  1 20  1  1  1  1  1 20  6  1  4 20  4  4  4  3  3  3 20  3 20  3   3  3 20  2 20  2 20  2  2  2  2 20 20  0  0  0 20  4  4  2  4  6  4  6   0  0  0 20  0 20  1  1  1  1  1  1  1  1 20  1  1  1 20  6  6  6  4  4   4  4  4  4  3 20  3  3  3  5 20  5  5  5 20  2  2  2  2  2 20 20 20  0  20 20  0  4  2  4  6  6  6  1  6  1  6  1 20  1  1  1  1  1 20 20  1  1   1 20  6  6  6  6  6  6  4  4 20  4  4  4  4  3  3 20  5  5  5  5  5  5   2  2 20 20  2  2 20 20 20  0  0  0  0  0 20  4  1  6  6 20 20 20  1  6   6  1 20  1  1  1  6 20  1  6  6  6 20  6  6  6  6  6  6  4  4  4  4  4   4  4  3  3  5  5  5  5  5 20  5  2  2  2  2  2  2  2  0  0 20 20  0  0   4  4  1  1  6  9  9  9 20  6  6  6  6  6 20  6  6  6 20 20 20  6  6  6   6  6  6  6 20  6  4  4  4  4 20  4  4  3  5  5  5  5  5  5  5  2  2  2   2  2  2  2 20 20  0  0  0  0  4  1  1  9  9  9  9  9  9  9  9  6  6  6   6  6  6  6  6  6  6  6 20 20  6 20  6  6  6  6 20  4  4  4  4  4  4  3  20  5  5  5  5  5  5  2  2  2  2 20  2  2 20  0  0  0  0  0  4  6 20  8   9 20 20  9 20  9  9  9  9  9  9  6  6  6  6  6  6  6  6  6  6 20  6  6   6 20  4  4  4 20 20  4  7  7  7  7  5  5 20 20 20  5  2  2 20  2  2  2   0  0  0  0  0  8  8 20  8  8  8  8 20  1 20  9  9 20  9 20  9 20 20  9   9  9  6 20 20  6  6  6  6  6  6  6  6  4  4  4  4  7  7  7 20  7  7  7   5  5  5  5  5  2  2  2 20  2  0  0 20  0  8  8  8  8  8  8  8  8  8  8  20  8  8 20  9  9  9  9  9  9  9  9 20  9  9  6  6  6  6  6  6  6  6 20   4  4  7  7 20  7  7  7  7  7  7 20  5  5  5  5 20  2  2  2 20  8 20  8   8  8  8  8  8  8  8  8  8  8  8  8  8  8  9 20  9 20  9 20  9  9  9  9   9  9  9  6  6  6  6  6  6  6  6  6  7  7  7  7  7 20  7  7  7  7 20  5   5  5  5 20  2  2  8  8  8  8 20  8  8  8 20  8  8  8  8  8  8  8  8  8   9  9  9  9  9 20  9  9  9 20  9  9  9  9  9  6  6  6  6  6  6  6 20  7   7  7  7 20  7  7  7  7 20  5  5 20  5 20  2  2 20  8  8  8 20  8  8  8   8  8  8 20  9 20  9  9  9  9 20 20  9  9 20  9  9 20  9  9  9  9  9 20   9  6  6  6 20 11  6  6  7  7  7  7  7 20  7 20  7  7  7 20  5  5  5  2   2  2  8  8 20  8 20  8  8  8  8  8 20  9  9 20  9  9  9  9  9  9  9 20  20  9 20 20 20  9  9 20 20 10 10  6  6 11 11 11 11 11 20  7 20  7  7  7   7 20  7 20 20  5  5  5  5  2  2  2  8  8  8  8  8  8  8  8 12 12  9  9   9  9  9  9 20  9  9  9  9  9 20  9  9 20  9  9 20 10 10 10 10  6 20 11  11 11 11 11 11 11  4 20  7  7 20  7  7  7  7  7  5  5 20  5  2 20 20  8   8 20  8  8  8  8 12 12 12  9  9  9  9  9  9 20  9  9  9 20 20  9  9  9   9 20 10 10 10 10 10  6  6 11 20 11 11 11 20 11 11 20  7  7  7 20 20  7   7 20  5 20 20  5  2  2  8  8  8  8  8  8  8 20 12 12 12  9  9  9 20  9   9 20 20 20 20  9  9  9 20  9  9  9 20 10 10 10 20  6 20 11 11 11 11 11  11 11 20  7  7  7  7  7 20  7 20  5  5  5  5  5  5  5  8 20  8  8  8  8   8 20 12 12 12  9  9 20 12 12 20 12 12 12 12  9  9 20 13 20  9 20 10 10  10 10  6  6  6  6 11 11 11 11 11 11 11  7  7 20 20  7 20  7  7 20 20  5   5  5  5  2  8  8  8  8  8  8 12 12 12 12 12 20  9 20 20 12 12 20 12 12  12  9  9  9 13 13 13 20 20 10 10 10  6  6  6  6 11 11 11 11 11 20 11  4   6  7  7 20 20  7  7  7  5 20  5  5 20  2  8 20 20  8  8  8 12 12 12 20  12 12 12 12 12 20 12 12 20 12 12 12  9  9 13 13 13 13 20 10 10 20  6  6   6  6 11 11 11 11 11 11 11 11 20 11  7  7  7  7  7  7  5  5  5  5 20  2   8  8  8  8  8 20 20 12 12 12 12 20 12 20 12 12 12 20 20 20 12 12 20 20  20 13 13 13 13 20 10 10 10  6 11 11 11 11 11 20 11 11 11 20 11 11 20  7   7  7  7  5  5 20  5  5  5  5  8 20 20  8  8  8 12 12 20 12 20 12 20 20  20 20 12 12 20 20 12 12 13 13 13 13 20 14 20 10 20 20 10  6 11 11 20 11  11 11 11 11  4 11  4 11 11  7  7  7  7  5  5  5  5  5  5  5 20  8  8  8   8 12 12 12 12 12 12 12 12 20 20 12 12 20 12 12 12 13 13 20 13 20 14 14  14 14 10 10 10 20 11 11 11 11 20 20 11 11 20 11 11 11 11  7  7  7  7  5   5  5  5  5  5 20  8  8  8  8  8 20 20 20 20 12 12 12 12 12 20 20 20 12  12 13 13 13 14 14 14 14 14 14 14 14 10 10 10 10 11 11 11 11 11 11 11 20  11 20  4  4 20 11  7  7  7  7  7 20  5 20  5  5  8 20  8  8  8 20 12 12  12 12 12 12 20 12 12 12 12 12 12 13 20 13 20 14 14 14 14 14 14 20  4 10  10 10 20 11 11 11 11 11 11 11 11 11 11  4 20 11  7  7  7  7  7  7 20  5   5  2 20 20 20  8  8 12 20 12 12 12 20 12 12 20 12 12 12 20 12 13 13 20  14 14 14 14 14 20 14 14  4 20 10 20 10 10 10 11 11 11 11 11 11 11 11 11  11 11  7 20 20  7  7  7 20  5  5  2 20 20  8  8 20  4 20 12 12 12 12 12  12 20 12 12 13 13 13 20 13 13 14 14 20 20 14 14 14 20  4 10 10 10 10 10  20 11 11 11 20 10 11 11 11 11 11 11 11  4  2  7  7 20 20  5  5  5  4  4   9  8 20 12 12 12 12 12 20 13 12 13 20 13 20 13 13 20 20 13 20 14 14 14  14 14 14 20 20 20 10 10 10 10 10 20 10 10 10 10 10 10 10 11 11 11 11  4   4 20  7  2 20  5  5 20  4 20  8  8  8 12 12 12 12 20 13 13 20 13 13 13  13 13 20 13 13 13 20 13 14 14 14 14 14 14 10 10 10 10 10 10 10 10 10 20  10 10 10 10 10 10 11 11 11 11  4  7  7  7  7  5  5  5 20 20 20  8  8 12  12 12 12 13 13 13 13 13 13 13 13 13 13 13 20 13 13 13 20 20 14 14 14 14  10 10 10 20 10 20 10 20 10 10 10 10 20 20 10 20 11 11 20 11 20  4  7  7  20  5  5  5 16 20 20 20  4 12 20 20 12 12 13 13 13 13  4 15 15 15 20 20  13 13 13 13 13 13 14 14 14 14 10 14 14 14 20 20 20 10 10 10 10 20 20 10  10 20 11 20  2 20 20  4 20  7  2  5  5  5 16 16 16 16 16 12 12 12 12 12  20 20 13 13 15 20 15 15 13 13 13 13 13 20 20 14 14 20 14  4 10 20 14 14  14  4 10 10 10 20 20 10 10 10 20  4 20 10  2  2 20 20  2  7  5  5  5  5  16 16 16 16 20 12 12 12 20 13 13 13 13 20 15 15 15 20 13 13 13 13 13 13  20 14 14 14 20 20  4 20 14  4  4  4 20 10 10 10 10 10 10 10 10 10 10 10  20  2  2  2  7  7  5  5 20  5 16 16 16 20 16 20 12 12 12 13 13 13 13 15  15 15 15 15 20 20 20 13 20 13 13 14 14 14 14 14 20 14 14 14  4  4 20 20  10 10 10 10 10 10 20 10 10 10  2 20  2  2  7  5  5  5  5  5 20 16 16 16  16 16 20 12 20 20 13 13 13 15 15 15 20 20 13 13 13 20  4 20 13 14 14 14  14 14 14 14 14  4  4  4  4  4 17 20 20 17 10 10 10 20 10 20 10  2  2  7  20  5  5 20 20  5 16 20 16 16 16 16 16 16 13 13 13 20 13 15 20 20  4 13  13 13 13 13 13 13 13 14 20 14 20 14 14 14 14 20  4  4  4 20 17 17 17 17  20 10 20  2 10 10 10  2  2  7  2 20  2  2  5  2 16 16 16 16 16 16 16 16  16 20 13 13 13 15 15 15 20  2 20 13 13 13 13 13  4 20 20 14 14 14 14 14  14 14 14 14  4 17 17 17 17 17 20 10 10 10 10 10 20  2 20  7 20  2  2 20  20  2 20 20 16 16 16 16 16 16 16 13 13 13 15 15 15 15 15 20  2 13 20 20  13 13 20 14 14 14 14 20 14 14 14 14 14 14 20 17 17 17 17 17 20 10 10 10  20 20 20  2  2  7  2  2  2  2  2  2 16 20 20 16 16 16 16 16 16 13 13 15  15 15 15 15 20 15 20 13 20 20  4 20 20 14 14 14 20 20 20 14 14 14 14 14  14 17 17 17 17 20 17 17 10 20 20 20  2  2  2  7  7  2  2  4  2  2 16 20  16 16 16 16 16 16 16 20 20 15 15 15 15 15 15 15 15 15  4  4 13  4 18 18  18 14 14 20 20 20 14 14 14 14 14 17 17 17 17 17 17 17 17  4 20 20 20  2   2 20  7  2 20  4  2  2 16 16 16 20 16 16 16 16 20 15 20 15 15 20 15 20  15 15 15 15 15  4 20  4 20 18 18 20 18 18  2 20 20 14 14 14 14 17 20 17  17 17 17 17 17 17 17  4  2  4  2  7  7  2  2  2  4  2 16 16 20 16 16 20  16 16 20 15 15 15 15 15 15 15 15 15 20 20 20  4  2 20 18 20 18 18 18 18  18 18 18 20 14 20 14 14 14 20 20 17 17 17 17 17 17 17  2  4 20  2 20  2   2 20  2  2 16 20 20 20 16 16 20 16 20 20 15 15 15 15 15 15 15 15 15 20  18 18 20 20 18 18 18 20 20 18 18 18 18 18 14 14 14 14 14 14 20 17 17 17  17 17 17 20  2  2  2  2  4  2  2  4  2  2 16 16 20 20 16 16 16 16 16 20  15 15 15 15 15 15 20 15 15 15 18 18 20 18 18 20 18 18 18 18 18 18 18 18  18 18 20 20 17  4 20 20 17 17 17 17 17 17 17  2  4  4 20  2  2  2  2  2  16 16 16 16 20 16 16 16 20 20 15 15 15 15 15 15 15 15 15 18 18 18 18 18  18 18 18 18 20 18 18 20 18 18 18 18 18 18 17 17 17 17 20 17 17 17 20 20  20  4  2  4  4  2  2  2 20  2 16 16 20 16 16 16 20 16 16 16 15 15 20 20  15 15 15 15 15 18 18 18 18 20 18 18 18 20 19 19 18 19 19 19 19 19 18 18  18 17 17 17 17 17 20 17 17 20 17  4  2  4  4  2  2  2  4 20 16 16 20 16  16 16 20 20 16 15 20 15 15 15 15 20 15 15 18 20 18 18 18 18 20 20 18 19  20 19 20 19 19 20 19 19 19 19 18 17 17 17 17 17 20 17 17 17 17 17  4  4  20  2  2 20  2 20 16 16 16 16 16 16 20 15 15 15 15 20 15 15 15 15 15 18  18 18 18 18 18 18 19 19 19 19 19 19 19 19 19 19 19 19 19 19 20 17 17 17  17 17  4 17 20 17 20 17  4  4 20  2  4  2  4 20 16 20 16 16 16 16 16 20  15 15 15 15 15 15 15 18 18 18 18 18 18 18 18 19 19 19 19 19 19 19 19 20  19 19 19 20 19 19 19 20 17 17 17 17 17 17 17 20 20 17 17  4 20  4  4  4   2  4 16 16 16 16 20 16 20 20 15 15 15 15 15 15 20 18 18 20 18 18 18 18  19 19 19 19 19 20 19 19 19 19 19 19 19 19 19 20 19 20 19 17 17 17 17 17  17 20 20 17 20  4  4  4  4 20  4  2 16 16 16 16 20 20 15 15 15 15 20 15  18 18 18 20 18 18 18 18 18 19 19 19 20 20 19 19 19 19 19 20 19 19 19 19  19 20 19 19 19 19 19 17 20 20 17 17 20 17 17 20  4  2 20  2 20  2 16 16  16 16 20 15 15 15 18 18 20 18 18 18 18 18 18 18 18 18 19 19 19 19 19 19  19 19 19 19 19 19 19 19 19 19 19 19 19 19 19 19 19 19 19 19 17 17 17 17  17 17 20 17  4  2  0 20 16 16 16 16 20 15 15 15 20 18 18 18 18 18 20 20  18 18 18 18 18 20 19 20 19 19 20 19 19 19 20 19 19 19 20 19 19 20 20 19  20 20 20 19 20 19 19 19 19 17 17 17 20 17 17 20  2  4 16 20 16 16 16 20  15 20 20 18 18 18 18 18 18 20 20 18 18 18 18 18 20 19 19 20 20 19 19 19  20 19 19 20 20 20 19 19 19 19 19 19 19 19 20 19 19 20 19 17 17 17 17 17  17  4 19  2
9
