23
23
10
0.1
0.01
53
False
0 0 0 0 0 1 0 0 0 0 0 1 0 0 2 1 0 0 0 0 0 0 0 0 0 0 0 0 0 0 0 1 0 0 0 0  1 0 0 0 0 1 0 0 0 0 0 0 0 1 0 0 1 0 0 0 1 0 0 0 0 0 1 1 0 0 0 0 1 1 0 0  0 0 0 0 0 0 1 1 0 2 0 0 0 0 0 1 0 1 0 1 0 0 0 1 0 0 0 0 0 0 0 0 0 0 0 0  0 0 0 1 0 0 0 0 0 0 0 0 0 0 1 0 0 0 0 0 0 0 0 1 0 0 0 1 0 1 2 0 0 0 0 0  0 0 0 0 0 1 0 0 0 1 0 0 0 0 0 0 0 0 1 0 1 0 0 0 0 0 0 0 0 0 0 0 0 1 0 2  1 0 0 0 0 0 1 0 0 1 0 0 0 0 0 1 0 2 0 1 0 1 0 0 0 0 0 0 0 0 1 0 0 0 0 1  1 0 0 0 0 0 1 0 0 0 2 0 1 0 0 0 0 0 0 0 0 0 0 0 1 0 0 0 0 1 1 0 0 0 1 0  0 0 0 0 0 0 0 0 0 0 0 0 2 0 0 0 0 0 0 0 0 0 0 0 0 1 1 0 0 1 0 0 1 0 0 0  1 0 1 0 0 1 0 0 0 0 0 0 0 0 1 0 0 0 0 0 0 0 0 0 0 0 0 1 0 0 0 0 0 1 0 0  0 1 0 0 0 0 0 0 0 0 0 0 1 0 1 0 0 0 0 1 1 0 0 0 0 0 0 0 1 0 0 0 0 0 0 0  0 0 0 0 0 0 0 0 1 1 0 0 0 0 0 0 0 0 0 0 0 0 0 0 0 0 0 2 2 0 0 1 0 0 0 0  0 1 0 0 0 0 0 1 0 0 0 0 0 0 0 0 0 1 0 0 0 0 0 0 0 0 0 0 0 0 1 0 0 0 0 0  0 0 0 0 2 0 1 0 0 0 0 0 0 0 0 0 0 1 0 0 0 1 0 1 0 0 0 0 0 0 0 0 0 0 1 0  0 0 0 0 0 0 0 0 0 0 0 0 0 0 0 1 1 0 0 0 0 0 0 0 0 0 0 0 0 0 0 0 0 0 0 0  0 0 0 0 0 1 0 0 1 0 0 0 0 0 0 0 0 0 1 1 0 0 1 0 0
 0 14  3 12  6  0  7 18  8 13  9 19 11 11 16 19 16 20 18 22
 0 28  6 24 12  0 14 36 16 26 18 38 22 22 32 38 32 40 36 44
  33.65890623 1918.55765519  437.56578101 1649.28640534  841.47265579    33.65890623  976.10828071 2457.1001549  1110.74390564 1783.92203027  1245.37953056 2591.73577982 1514.65078041 1514.65078041 2187.82890504  2591.73577982 2187.82890504 2726.37140475 2457.1001549  2995.6426546 
