15
15
4
0.1
0.01
23
False
0 0 0 0 1 0 1 1 1 0 1 0 1 0 0 2 2 0 0 0 0 1 0 1 0 1 0 0 0 1 0 0 0 0 0 0  1 0 0 0 0 0 0 1 0 0 0 0 0 0 0 0 0 0 1 0 1 2 0 0 0 1 0 0 0 1 0 0 0 0 0 1  0 1 0 0 0 1 1 0 1 0 0 0 1 1 0 0 0 0 1 1 0 1 0 0 0 0 0 0 1 1 0 0 1 1 1 0  0 0 1 0 0 0 1 0 0 1 0 0 1 1 1 0 0 1 1 0 1 0 0 1 0 0 0 1 1 0 0 1 0 1 0 1  0 0 1 1 0 0 1 1 1 0 0 0 0 1 0 0 0 0 0 0 0 1 1 1 1 0 1 1 0 0 0 0 1 0 0 2  1 1 1 1 1 0 0 0 0 0 0 0 0 0 0 1 1 1 1 1 1 1 0 1 0 0 0 1 0 0 1 1 1 1 1 0  0 0 1 0 1 0 0 1 0
 1  0  1  1  3 12 11 14
 2  0  2  2  6 24 22 28
 168.29453116   33.65890623  168.29453116  168.29453116  437.56578101  1649.28640534 1514.65078041 1918.55765519