23
23
10
1e-05
1e-05
53
False
1 1 1 0 0 0 0 1 0 1 0 1 0 0 0 0 1 1 0 0 1 0 1 1 1 0 0 1 0 0 0 0 1 0 0 1  1 0 0 0 1 0 0 0 0 1 1 1 0 1 1 0 1 1 0 1 0 0 1 0 1 0 0 0 1 0 0 0 0 1 1 0  1 1 0 1 0 0 1 0 0 0 0 1 0 0 2 1 1 0 0 1 0 0 1 0 0 0 0 0 0 0 1 1 0 0 0 1  1 0 0 0 0 0 1 0 0 1 0 0 0 0 0 0 1 0 0 0 0 1 0 0 0 0 0 0 0 1 1 0 0 1 1 1  0 0 0 1 0 1 0 0 0 0 0 1 0 0 0 1 0 1 1 0 0 0 0 1 0 0 0 0 0 0 0 1 0 0 0 1  0 0 0 0 1 1 1 0 0 0 0 0 1 0 1 2 1 0 0 1 1 0 0 0 0 0 0 1 1 0 1 0 1 0 1 0  0 0 0 1 0 0 0 0 0 0 0 1 0 0 0 0 0 0 0 0 0 1 1 0 0 0 0 0 0 1 2 0 2 0 0 0  0 1 0 0 0 0 0 0 1 1 1 2 0 0 1 0 0 0 0 0 1 1 0 0 0 0 0 1 0 0 1 1 1 0 1 0  1 1 0 0 0 0 0 0 0 0 0 0 0 0 0 1 0 1 1 0 2 0 0 0 0 0 2 1 0 0 0 1 0 1 1 1  0 1 0 0 1 0 0 0 1 0 1 1 1 1 0 0 1 0 1 0 0 1 1 1 0 0 0 0 0 1 1 0 1 0 0 1  1 1 0 1 0 1 1 0 1 1 1 0 0 0 0 1 0 0 0 0 0 0 1 1 0 0 0 1 0 0 0 0 0 0 1 0  0 0 0 1 0 0 0 0 1 0 0 0 0 0 0 0 0 0 0 0 0 0 0 0 0 0 0 0 1 0 0 2 0 0 2 0  0 0 1 0 0 0 0 1 1 0 1 0 0 1 0 1 0 1 1 1 0 1 0 1 0 0 1 0 1 0 0 0 0 0 0 0  1 0 0 0 0 1 1 1 1 0 1 0 0 0 1 0 0 0 0 0 0 0 2 0 1 0 1 0 0 0 1 1 0 0 0 0  0 0 1 1 1 0 0 0 0 1 1 0 0 0 0 1 0 1 1 1 0 0 1 0 0
 3 17  8 11 10 16 10 18 11 10 13  9 13 15 18 13 18 16 21  7
 6 34 16 22 20 32 20 36 22 20 26 18 26 30 36 26 36 32 42 14
 437.56578101 2322.46452997 1110.74390564 1514.65078041 1380.01515549  2187.82890504 1380.01515549 2457.1001549  1514.65078041 1380.01515549  1783.92203027 1245.37953056 1783.92203027 2053.19328012 2457.1001549  1783.92203027 2457.1001549  2187.82890504 2861.00702967  976.10828071
