0
30
0
10
10
3
0
0.01
0.0001
1000
0
1
1
166
1204155587
 True  True  True
1 1 1 1 1 0 0 0 0 0  1 1 1 1 0 0 0 0 0 0  1 1 1 1 0 0 0 0 0 0  1 1 1 1 0 0 0 0 0 0  1 1 1 1 0 0 0 0 0 0  1 1 1 1 0 0 0 0 0 0  1 1 1 1 0 0 0 0 0 0  1 1 1 0 0 0 0 0 0 0  1 0 0 0 0 0 0 0 0 0  0 0 0 0 0 0 0 0 0 0 0 0 0 0 0 1 1 1 1 1  0 0 0 0 1 1 1 1 1 1  0 0 0 0 1 1 1 1 1 1  0 0 0 0 1 1 1 1 1 1  0 0 0 0 1 1 1 1 1 1  0 0 0 0 1 1 1 1 1 0  0 0 0 0 0 0 0 0 0 0  0 0 0 0 0 0 0 0 0 0  0 0 0 0 0 0 0 0 0 0  0 0 0 0 0 0 0 0 0 0 0 0 0 0 0 0 0 0 0 0  0 0 0 0 0 0 0 0 0 0  0 0 0 0 0 0 0 0 0 0  0 0 0 0 0 0 0 0 0 0  0 0 0 0 0 0 0 0 0 0  0 0 0 0 0 0 0 0 0 1  0 0 0 0 1 1 1 1 1 1  0 0 0 1 1 1 1 1 1 1  0 1 1 1 1 1 1 1 1 1  1 1 1 1 1 1 1 1 1 1
0 0 0 0 0 0 0 0 0 0 0 0 0 0 0 0 0 0 0 0 0 0 0 0 0 0 0 0 0 0 0 2 0 0 0 0  0 2 0 0 0 0 0 0 0 0 0 0 0 0 0 0 0 0 0 0 0 0 0 0 0 0 0 0 0 0 0 0 0 0 0 0  0 0 0 0 0 0 0 0 0 0 0 0 0 0 0 0 0 0 0 0 0 0 0 0 0 0 0 2
0 0 0 0 0 1 1 1 1 1 0 0 0 0 1 1 1 1 1 1 0 0 0 0 1 1 1 1 1 1 0 0 0 0 1 1  1 1 1 1 0 0 0 0 1 1 1 1 1 1 0 0 0 0 1 1 1 1 1 2 0 0 0 0 2 2 2 2 2 2 0 0  0 2 2 2 2 2 2 2 0 2 2 2 2 2 2 2 2 2 2 2 2 2 2 2 2 2 2 2
