FALSE
30
FALSE
10
10
2
FALSE
0.01
0.0001
1000
0
2
5
1398813051
 True  True
1 1 1 1 1 1 1 1 0 0  1 1 1 1 1 1 1 1 0 0  1 1 1 1 1 1 1 0 0 0  1 1 1 1 1 1 1 0 0 0  1 1 1 1 1 1 0 0 0 0  1 1 1 1 1 0 0 0 0 0  1 1 1 1 0 0 0 0 0 0  1 1 1 0 0 0 0 0 0 0  1 1 0 0 0 0 0 0 0 0  1 0 0 0 0 0 0 0 0 0 0 0 0 0 0 0 0 0 1 1  0 0 0 0 0 0 0 0 1 1  0 0 0 0 0 0 0 1 1 1  0 0 0 0 0 0 0 1 1 1  0 0 0 0 0 0 1 1 1 1  0 0 0 0 0 1 1 1 1 1  0 0 0 0 1 1 1 1 1 1  0 0 0 1 1 1 1 1 1 1  0 0 1 1 1 1 1 1 1 1  0 1 1 1 1 1 1 1 1 1
0 0 0 0 0 0 0 0 0 0 0 0 0 0 0 0 0 0 0 0 0 0 0 0 0 0 0 0 0 0 0 0 0 0 0 0  0 0 0 0 0 0 0 0 0 0 0 0 0 0 0 0 0 0 0 0 0 0 0 0 0 0 0 0 0 0 0 0 0 0 0 0  0 0 0 0 0 0 0 0 0 2 0 0 0 0 0 0 0 0 0 0 2 0 0 0 0 0 0 0
0 0 0 0 0 0 0 0 1 1 0 0 0 0 0 0 0 0 1 1 0 0 0 0 0 0 0 1 1 1 0 0 0 0 0 0  0 1 1 1 0 0 0 0 0 0 1 1 1 1 0 0 0 0 0 1 1 1 1 1 0 0 0 0 1 1 1 1 1 1 0 0  0 1 1 1 1 1 1 1 0 0 1 1 1 1 1 1 1 1 0 1 1 1 1 1 1 1 1 1
